#,Questions,Iterations,Answers
1,Returning damaged goods when the damage was your own fault,4,2
1,Returning damaged goods when the damage was your own fault,9,1
1,Returning damaged goods when the damage was your own fault,1,1
1,Returning damaged goods when the damage was your own fault,6,1
1,Returning damaged goods when the damage was your own fault,2,1
1,Returning damaged goods when the damage was your own fault,0,1
1,Returning damaged goods when the damage was your own fault,5,1
1,Returning damaged goods when the damage was your own fault,8,1
1,Returning damaged goods when the damage was your own fault,7,1
1,Returning damaged goods when the damage was your own fault,3,1
1,Returning damaged goods when the damage was your own fault,11,1
1,Returning damaged goods when the damage was your own fault,10,1
1,Returning damaged goods when the damage was your own fault,14,1
1,Returning damaged goods when the damage was your own fault,13,1
1,Returning damaged goods when the damage was your own fault,12,1
1,Returning damaged goods when the damage was your own fault,17,1
1,Returning damaged goods when the damage was your own fault,15,1
1,Returning damaged goods when the damage was your own fault,18,1
1,Returning damaged goods when the damage was your own fault,19,1
1,Returning damaged goods when the damage was your own fault,21,1
1,Returning damaged goods when the damage was your own fault,16,1
1,Returning damaged goods when the damage was your own fault,23,1
1,Returning damaged goods when the damage was your own fault,22,1
1,Returning damaged goods when the damage was your own fault,25,1
1,Returning damaged goods when the damage was your own fault,20,1
1,Returning damaged goods when the damage was your own fault,27,1
1,Returning damaged goods when the damage was your own fault,24,1
1,Returning damaged goods when the damage was your own fault,26,1
1,Returning damaged goods when the damage was your own fault,28,1
1,Returning damaged goods when the damage was your own fault,31,1
1,Returning damaged goods when the damage was your own fault,30,1
1,Returning damaged goods when the damage was your own fault,32,1
1,Returning damaged goods when the damage was your own fault,34,1
1,Returning damaged goods when the damage was your own fault,29,1
1,Returning damaged goods when the damage was your own fault,35,1
1,Returning damaged goods when the damage was your own fault,33,1
1,Returning damaged goods when the damage was your own fault,36,1
1,Returning damaged goods when the damage was your own fault,37,1
1,Returning damaged goods when the damage was your own fault,38,1
1,Returning damaged goods when the damage was your own fault,40,1
1,Returning damaged goods when the damage was your own fault,39,1
1,Returning damaged goods when the damage was your own fault,41,1
1,Returning damaged goods when the damage was your own fault,43,1
1,Returning damaged goods when the damage was your own fault,45,1
1,Returning damaged goods when the damage was your own fault,46,1
1,Returning damaged goods when the damage was your own fault,44,1
1,Returning damaged goods when the damage was your own fault,42,1
1,Returning damaged goods when the damage was your own fault,47,1
1,Returning damaged goods when the damage was your own fault,49,1
1,Returning damaged goods when the damage was your own fault,51,1
1,Returning damaged goods when the damage was your own fault,53,1
1,Returning damaged goods when the damage was your own fault,48,1
1,Returning damaged goods when the damage was your own fault,50,1
1,Returning damaged goods when the damage was your own fault,56,1
1,Returning damaged goods when the damage was your own fault,55,1
1,Returning damaged goods when the damage was your own fault,52,2
1,Returning damaged goods when the damage was your own fault,54,1
1,Returning damaged goods when the damage was your own fault,60,1
1,Returning damaged goods when the damage was your own fault,57,1
1,Returning damaged goods when the damage was your own fault,61,1
1,Returning damaged goods when the damage was your own fault,58,1
1,Returning damaged goods when the damage was your own fault,65,1
1,Returning damaged goods when the damage was your own fault,63,1
1,Returning damaged goods when the damage was your own fault,62,1
1,Returning damaged goods when the damage was your own fault,66,1
1,Returning damaged goods when the damage was your own fault,64,1
1,Returning damaged goods when the damage was your own fault,59,1
1,Returning damaged goods when the damage was your own fault,71,1
1,Returning damaged goods when the damage was your own fault,68,1
1,Returning damaged goods when the damage was your own fault,70,1
1,Returning damaged goods when the damage was your own fault,74,1
1,Returning damaged goods when the damage was your own fault,75,1
1,Returning damaged goods when the damage was your own fault,72,1
1,Returning damaged goods when the damage was your own fault,73,1
1,Returning damaged goods when the damage was your own fault,69,1
1,Returning damaged goods when the damage was your own fault,77,1
1,Returning damaged goods when the damage was your own fault,67,1
1,Returning damaged goods when the damage was your own fault,79,1
1,Returning damaged goods when the damage was your own fault,78,1
1,Returning damaged goods when the damage was your own fault,76,1
1,Returning damaged goods when the damage was your own fault,81,1
1,Returning damaged goods when the damage was your own fault,83,1
1,Returning damaged goods when the damage was your own fault,80,1
1,Returning damaged goods when the damage was your own fault,84,1
1,Returning damaged goods when the damage was your own fault,86,1
1,Returning damaged goods when the damage was your own fault,82,1
1,Returning damaged goods when the damage was your own fault,87,1
1,Returning damaged goods when the damage was your own fault,92,1
1,Returning damaged goods when the damage was your own fault,90,1
1,Returning damaged goods when the damage was your own fault,91,1
1,Returning damaged goods when the damage was your own fault,85,1
1,Returning damaged goods when the damage was your own fault,88,1
1,Returning damaged goods when the damage was your own fault,89,1
1,Returning damaged goods when the damage was your own fault,94,1
1,Returning damaged goods when the damage was your own fault,96,1
1,Returning damaged goods when the damage was your own fault,93,1
1,Returning damaged goods when the damage was your own fault,95,1
1,Returning damaged goods when the damage was your own fault,98,1
1,Returning damaged goods when the damage was your own fault,97,2
1,Returning damaged goods when the damage was your own fault,99,1
2,Giving misleading price information to a clerk for an unpracticed item,0,1
2,Giving misleading price information to a clerk for an unpracticed item,2,1
2,Giving misleading price information to a clerk for an unpracticed item,1,1
2,Giving misleading price information to a clerk for an unpracticed item,3,1
2,Giving misleading price information to a clerk for an unpracticed item,4,1
2,Giving misleading price information to a clerk for an unpracticed item,5,1
2,Giving misleading price information to a clerk for an unpracticed item,9,1
2,Giving misleading price information to a clerk for an unpracticed item,8,1
2,Giving misleading price information to a clerk for an unpracticed item,7,1
2,Giving misleading price information to a clerk for an unpracticed item,11,1
2,Giving misleading price information to a clerk for an unpracticed item,14,2
2,Giving misleading price information to a clerk for an unpracticed item,12,1
2,Giving misleading price information to a clerk for an unpracticed item,6,1
2,Giving misleading price information to a clerk for an unpracticed item,13,1
2,Giving misleading price information to a clerk for an unpracticed item,16,1
2,Giving misleading price information to a clerk for an unpracticed item,18,1
2,Giving misleading price information to a clerk for an unpracticed item,10,1
2,Giving misleading price information to a clerk for an unpracticed item,15,1
2,Giving misleading price information to a clerk for an unpracticed item,21,1
2,Giving misleading price information to a clerk for an unpracticed item,19,1
2,Giving misleading price information to a clerk for an unpracticed item,17,1
2,Giving misleading price information to a clerk for an unpracticed item,20,1
2,Giving misleading price information to a clerk for an unpracticed item,23,1
2,Giving misleading price information to a clerk for an unpracticed item,22,1
2,Giving misleading price information to a clerk for an unpracticed item,24,1
2,Giving misleading price information to a clerk for an unpracticed item,25,1
2,Giving misleading price information to a clerk for an unpracticed item,26,1
2,Giving misleading price information to a clerk for an unpracticed item,27,1
2,Giving misleading price information to a clerk for an unpracticed item,32,1
2,Giving misleading price information to a clerk for an unpracticed item,28,1
2,Giving misleading price information to a clerk for an unpracticed item,31,1
2,Giving misleading price information to a clerk for an unpracticed item,33,1
2,Giving misleading price information to a clerk for an unpracticed item,34,1
2,Giving misleading price information to a clerk for an unpracticed item,29,1
2,Giving misleading price information to a clerk for an unpracticed item,36,1
2,Giving misleading price information to a clerk for an unpracticed item,35,1
2,Giving misleading price information to a clerk for an unpracticed item,37,1
2,Giving misleading price information to a clerk for an unpracticed item,30,2
2,Giving misleading price information to a clerk for an unpracticed item,40,1
2,Giving misleading price information to a clerk for an unpracticed item,39,1
2,Giving misleading price information to a clerk for an unpracticed item,41,1
2,Giving misleading price information to a clerk for an unpracticed item,38,1
2,Giving misleading price information to a clerk for an unpracticed item,42,1
2,Giving misleading price information to a clerk for an unpracticed item,45,1
2,Giving misleading price information to a clerk for an unpracticed item,43,1
2,Giving misleading price information to a clerk for an unpracticed item,44,1
2,Giving misleading price information to a clerk for an unpracticed item,46,2
2,Giving misleading price information to a clerk for an unpracticed item,47,1
2,Giving misleading price information to a clerk for an unpracticed item,49,1
2,Giving misleading price information to a clerk for an unpracticed item,48,1
2,Giving misleading price information to a clerk for an unpracticed item,52,1
2,Giving misleading price information to a clerk for an unpracticed item,50,1
2,Giving misleading price information to a clerk for an unpracticed item,53,1
2,Giving misleading price information to a clerk for an unpracticed item,51,1
2,Giving misleading price information to a clerk for an unpracticed item,55,1
2,Giving misleading price information to a clerk for an unpracticed item,56,1
2,Giving misleading price information to a clerk for an unpracticed item,54,1
2,Giving misleading price information to a clerk for an unpracticed item,58,1
2,Giving misleading price information to a clerk for an unpracticed item,62,1
2,Giving misleading price information to a clerk for an unpracticed item,60,1
2,Giving misleading price information to a clerk for an unpracticed item,57,1
2,Giving misleading price information to a clerk for an unpracticed item,59,1
2,Giving misleading price information to a clerk for an unpracticed item,61,1
2,Giving misleading price information to a clerk for an unpracticed item,63,1
2,Giving misleading price information to a clerk for an unpracticed item,64,1
2,Giving misleading price information to a clerk for an unpracticed item,66,1
2,Giving misleading price information to a clerk for an unpracticed item,65,1
2,Giving misleading price information to a clerk for an unpracticed item,68,1
2,Giving misleading price information to a clerk for an unpracticed item,67,1
2,Giving misleading price information to a clerk for an unpracticed item,71,1
2,Giving misleading price information to a clerk for an unpracticed item,69,1
2,Giving misleading price information to a clerk for an unpracticed item,70,1
2,Giving misleading price information to a clerk for an unpracticed item,73,1
2,Giving misleading price information to a clerk for an unpracticed item,72,1
2,Giving misleading price information to a clerk for an unpracticed item,78,1
2,Giving misleading price information to a clerk for an unpracticed item,79,1
2,Giving misleading price information to a clerk for an unpracticed item,75,1
2,Giving misleading price information to a clerk for an unpracticed item,76,1
2,Giving misleading price information to a clerk for an unpracticed item,81,1
2,Giving misleading price information to a clerk for an unpracticed item,77,1
2,Giving misleading price information to a clerk for an unpracticed item,74,1
2,Giving misleading price information to a clerk for an unpracticed item,82,1
2,Giving misleading price information to a clerk for an unpracticed item,80,1
2,Giving misleading price information to a clerk for an unpracticed item,83,1
2,Giving misleading price information to a clerk for an unpracticed item,92,1
2,Giving misleading price information to a clerk for an unpracticed item,89,1
2,Giving misleading price information to a clerk for an unpracticed item,91,2
2,Giving misleading price information to a clerk for an unpracticed item,84,1
2,Giving misleading price information to a clerk for an unpracticed item,86,2
2,Giving misleading price information to a clerk for an unpracticed item,90,1
2,Giving misleading price information to a clerk for an unpracticed item,87,1
2,Giving misleading price information to a clerk for an unpracticed item,93,1
2,Giving misleading price information to a clerk for an unpracticed item,85,2
2,Giving misleading price information to a clerk for an unpracticed item,88,1
2,Giving misleading price information to a clerk for an unpracticed item,95,1
2,Giving misleading price information to a clerk for an unpracticed item,96,1
2,Giving misleading price information to a clerk for an unpracticed item,94,1
2,Giving misleading price information to a clerk for an unpracticed item,97,1
2,Giving misleading price information to a clerk for an unpracticed item,98,1
2,Giving misleading price information to a clerk for an unpracticed item,99,1
3,Using a long distance access code that does not belong to you ,0,1
3,Using a long distance access code that does not belong to you ,2,1
3,Using a long distance access code that does not belong to you ,1,1
3,Using a long distance access code that does not belong to you ,3,1
3,Using a long distance access code that does not belong to you ,6,1
3,Using a long distance access code that does not belong to you ,8,1
3,Using a long distance access code that does not belong to you ,5,1
3,Using a long distance access code that does not belong to you ,7,1
3,Using a long distance access code that does not belong to you ,10,1
3,Using a long distance access code that does not belong to you ,9,1
3,Using a long distance access code that does not belong to you ,4,1
3,Using a long distance access code that does not belong to you ,11,1
3,Using a long distance access code that does not belong to you ,12,1
3,Using a long distance access code that does not belong to you ,14,1
3,Using a long distance access code that does not belong to you ,17,1
3,Using a long distance access code that does not belong to you ,16,1
3,Using a long distance access code that does not belong to you ,15,1
3,Using a long distance access code that does not belong to you ,18,1
3,Using a long distance access code that does not belong to you ,21,1
3,Using a long distance access code that does not belong to you ,19,1
3,Using a long distance access code that does not belong to you ,20,1
3,Using a long distance access code that does not belong to you ,13,1
3,Using a long distance access code that does not belong to you ,22,1
3,Using a long distance access code that does not belong to you ,25,1
3,Using a long distance access code that does not belong to you ,23,1
3,Using a long distance access code that does not belong to you ,26,1
3,Using a long distance access code that does not belong to you ,24,1
3,Using a long distance access code that does not belong to you ,27,1
3,Using a long distance access code that does not belong to you ,29,1
3,Using a long distance access code that does not belong to you ,28,1
3,Using a long distance access code that does not belong to you ,30,1
3,Using a long distance access code that does not belong to you ,32,1
3,Using a long distance access code that does not belong to you ,36,1
3,Using a long distance access code that does not belong to you ,39,1
3,Using a long distance access code that does not belong to you ,33,1
3,Using a long distance access code that does not belong to you ,37,1
3,Using a long distance access code that does not belong to you ,38,1
3,Using a long distance access code that does not belong to you ,35,1
3,Using a long distance access code that does not belong to you ,40,1
3,Using a long distance access code that does not belong to you ,41,1
3,Using a long distance access code that does not belong to you ,44,1
3,Using a long distance access code that does not belong to you ,43,1
3,Using a long distance access code that does not belong to you ,34,1
3,Using a long distance access code that does not belong to you ,47,1
3,Using a long distance access code that does not belong to you ,42,1
3,Using a long distance access code that does not belong to you ,45,1
3,Using a long distance access code that does not belong to you ,46,1
3,Using a long distance access code that does not belong to you ,48,1
3,Using a long distance access code that does not belong to you ,49,1
3,Using a long distance access code that does not belong to you ,50,1
3,Using a long distance access code that does not belong to you ,55,1
3,Using a long distance access code that does not belong to you ,52,1
3,Using a long distance access code that does not belong to you ,51,1
3,Using a long distance access code that does not belong to you ,56,1
3,Using a long distance access code that does not belong to you ,53,1
3,Using a long distance access code that does not belong to you ,57,1
3,Using a long distance access code that does not belong to you ,54,1
3,Using a long distance access code that does not belong to you ,58,1
3,Using a long distance access code that does not belong to you ,60,1
3,Using a long distance access code that does not belong to you ,31,1
3,Using a long distance access code that does not belong to you ,62,1
3,Using a long distance access code that does not belong to you ,61,1
3,Using a long distance access code that does not belong to you ,59,1
3,Using a long distance access code that does not belong to you ,63,1
3,Using a long distance access code that does not belong to you ,65,1
3,Using a long distance access code that does not belong to you ,64,1
3,Using a long distance access code that does not belong to you ,67,1
3,Using a long distance access code that does not belong to you ,71,1
3,Using a long distance access code that does not belong to you ,69,1
3,Using a long distance access code that does not belong to you ,73,1
3,Using a long distance access code that does not belong to you ,72,1
3,Using a long distance access code that does not belong to you ,75,1
3,Using a long distance access code that does not belong to you ,74,1
3,Using a long distance access code that does not belong to you ,70,1
3,Using a long distance access code that does not belong to you ,68,1
3,Using a long distance access code that does not belong to you ,78,1
3,Using a long distance access code that does not belong to you ,76,1
3,Using a long distance access code that does not belong to you ,66,1
3,Using a long distance access code that does not belong to you ,80,1
3,Using a long distance access code that does not belong to you ,82,1
3,Using a long distance access code that does not belong to you ,79,1
3,Using a long distance access code that does not belong to you ,85,1
3,Using a long distance access code that does not belong to you ,84,1
3,Using a long distance access code that does not belong to you ,86,1
3,Using a long distance access code that does not belong to you ,83,1
3,Using a long distance access code that does not belong to you ,87,1
3,Using a long distance access code that does not belong to you ,88,1
3,Using a long distance access code that does not belong to you ,90,1
3,Using a long distance access code that does not belong to you ,89,1
3,Using a long distance access code that does not belong to you ,91,1
3,Using a long distance access code that does not belong to you ,94,1
3,Using a long distance access code that does not belong to you ,93,1
3,Using a long distance access code that does not belong to you ,96,1
3,Using a long distance access code that does not belong to you ,92,1
3,Using a long distance access code that does not belong to you ,95,1
3,Using a long distance access code that does not belong to you ,99,1
3,Using a long distance access code that does not belong to you ,97,1
3,Using a long distance access code that does not belong to you ,98,1
3,Using a long distance access code that does not belong to you ,81,1
3,Using a long distance access code that does not belong to you ,77,1
4,Drinking a can of soda in a store without paying for it ,1,1
4,Drinking a can of soda in a store without paying for it ,0,1
4,Drinking a can of soda in a store without paying for it ,2,1
4,Drinking a can of soda in a store without paying for it ,3,1
4,Drinking a can of soda in a store without paying for it ,4,1
4,Drinking a can of soda in a store without paying for it ,6,1
4,Drinking a can of soda in a store without paying for it ,7,1
4,Drinking a can of soda in a store without paying for it ,8,1
4,Drinking a can of soda in a store without paying for it ,5,1
4,Drinking a can of soda in a store without paying for it ,9,1
4,Drinking a can of soda in a store without paying for it ,10,1
4,Drinking a can of soda in a store without paying for it ,11,1
4,Drinking a can of soda in a store without paying for it ,13,1
4,Drinking a can of soda in a store without paying for it ,12,1
4,Drinking a can of soda in a store without paying for it ,17,1
4,Drinking a can of soda in a store without paying for it ,15,1
4,Drinking a can of soda in a store without paying for it ,18,1
4,Drinking a can of soda in a store without paying for it ,19,1
4,Drinking a can of soda in a store without paying for it ,20,1
4,Drinking a can of soda in a store without paying for it ,21,1
4,Drinking a can of soda in a store without paying for it ,22,1
4,Drinking a can of soda in a store without paying for it ,23,1
4,Drinking a can of soda in a store without paying for it ,24,1
4,Drinking a can of soda in a store without paying for it ,14,1
4,Drinking a can of soda in a store without paying for it ,28,1
4,Drinking a can of soda in a store without paying for it ,25,1
4,Drinking a can of soda in a store without paying for it ,27,1
4,Drinking a can of soda in a store without paying for it ,26,1
4,Drinking a can of soda in a store without paying for it ,32,1
4,Drinking a can of soda in a store without paying for it ,29,1
4,Drinking a can of soda in a store without paying for it ,30,1
4,Drinking a can of soda in a store without paying for it ,31,1
4,Drinking a can of soda in a store without paying for it ,33,1
4,Drinking a can of soda in a store without paying for it ,34,1
4,Drinking a can of soda in a store without paying for it ,39,1
4,Drinking a can of soda in a store without paying for it ,38,1
4,Drinking a can of soda in a store without paying for it ,37,1
4,Drinking a can of soda in a store without paying for it ,35,1
4,Drinking a can of soda in a store without paying for it ,40,1
4,Drinking a can of soda in a store without paying for it ,36,1
4,Drinking a can of soda in a store without paying for it ,41,1
4,Drinking a can of soda in a store without paying for it ,42,1
4,Drinking a can of soda in a store without paying for it ,44,1
4,Drinking a can of soda in a store without paying for it ,48,1
4,Drinking a can of soda in a store without paying for it ,45,1
4,Drinking a can of soda in a store without paying for it ,47,1
4,Drinking a can of soda in a store without paying for it ,50,1
4,Drinking a can of soda in a store without paying for it ,46,1
4,Drinking a can of soda in a store without paying for it ,49,1
4,Drinking a can of soda in a store without paying for it ,52,1
4,Drinking a can of soda in a store without paying for it ,54,1
4,Drinking a can of soda in a store without paying for it ,53,1
4,Drinking a can of soda in a store without paying for it ,43,1
4,Drinking a can of soda in a store without paying for it ,56,1
4,Drinking a can of soda in a store without paying for it ,55,1
4,Drinking a can of soda in a store without paying for it ,51,1
4,Drinking a can of soda in a store without paying for it ,57,1
4,Drinking a can of soda in a store without paying for it ,16,1
4,Drinking a can of soda in a store without paying for it ,59,1
4,Drinking a can of soda in a store without paying for it ,58,1
4,Drinking a can of soda in a store without paying for it ,60,1
4,Drinking a can of soda in a store without paying for it ,62,1
4,Drinking a can of soda in a store without paying for it ,63,1
4,Drinking a can of soda in a store without paying for it ,61,1
4,Drinking a can of soda in a store without paying for it ,65,1
4,Drinking a can of soda in a store without paying for it ,67,1
4,Drinking a can of soda in a store without paying for it ,64,1
4,Drinking a can of soda in a store without paying for it ,66,1
4,Drinking a can of soda in a store without paying for it ,69,1
4,Drinking a can of soda in a store without paying for it ,70,1
4,Drinking a can of soda in a store without paying for it ,72,1
4,Drinking a can of soda in a store without paying for it ,71,1
4,Drinking a can of soda in a store without paying for it ,74,1
4,Drinking a can of soda in a store without paying for it ,77,1
4,Drinking a can of soda in a store without paying for it ,68,1
4,Drinking a can of soda in a store without paying for it ,76,1
4,Drinking a can of soda in a store without paying for it ,80,1
4,Drinking a can of soda in a store without paying for it ,78,1
4,Drinking a can of soda in a store without paying for it ,81,1
4,Drinking a can of soda in a store without paying for it ,75,1
4,Drinking a can of soda in a store without paying for it ,79,1
4,Drinking a can of soda in a store without paying for it ,82,1
4,Drinking a can of soda in a store without paying for it ,85,1
4,Drinking a can of soda in a store without paying for it ,87,1
4,Drinking a can of soda in a store without paying for it ,84,1
4,Drinking a can of soda in a store without paying for it ,88,1
4,Drinking a can of soda in a store without paying for it ,83,1
4,Drinking a can of soda in a store without paying for it ,89,1
4,Drinking a can of soda in a store without paying for it ,86,1
4,Drinking a can of soda in a store without paying for it ,91,1
4,Drinking a can of soda in a store without paying for it ,94,1
4,Drinking a can of soda in a store without paying for it ,92,1
4,Drinking a can of soda in a store without paying for it ,90,1
4,Drinking a can of soda in a store without paying for it ,93,1
4,Drinking a can of soda in a store without paying for it ,95,1
4,Drinking a can of soda in a store without paying for it ,96,1
4,Drinking a can of soda in a store without paying for it ,97,1
4,Drinking a can of soda in a store without paying for it ,98,1
4,Drinking a can of soda in a store without paying for it ,99,1
4,Drinking a can of soda in a store without paying for it ,73,1
5,"Reporting a lost item as ""stolen"" to an insurance company in order to collect the insurance money",0,1
5,"Reporting a lost item as ""stolen"" to an insurance company in order to collect the insurance money",3,1
5,"Reporting a lost item as ""stolen"" to an insurance company in order to collect the insurance money",1,1
5,"Reporting a lost item as ""stolen"" to an insurance company in order to collect the insurance money",4,1
5,"Reporting a lost item as ""stolen"" to an insurance company in order to collect the insurance money",5,1
5,"Reporting a lost item as ""stolen"" to an insurance company in order to collect the insurance money",7,1
5,"Reporting a lost item as ""stolen"" to an insurance company in order to collect the insurance money",8,1
5,"Reporting a lost item as ""stolen"" to an insurance company in order to collect the insurance money",6,1
5,"Reporting a lost item as ""stolen"" to an insurance company in order to collect the insurance money",10,1
5,"Reporting a lost item as ""stolen"" to an insurance company in order to collect the insurance money",9,1
5,"Reporting a lost item as ""stolen"" to an insurance company in order to collect the insurance money",12,1
5,"Reporting a lost item as ""stolen"" to an insurance company in order to collect the insurance money",13,1
5,"Reporting a lost item as ""stolen"" to an insurance company in order to collect the insurance money",11,1
5,"Reporting a lost item as ""stolen"" to an insurance company in order to collect the insurance money",14,1
5,"Reporting a lost item as ""stolen"" to an insurance company in order to collect the insurance money",15,1
5,"Reporting a lost item as ""stolen"" to an insurance company in order to collect the insurance money",18,1
5,"Reporting a lost item as ""stolen"" to an insurance company in order to collect the insurance money",19,1
5,"Reporting a lost item as ""stolen"" to an insurance company in order to collect the insurance money",20,1
5,"Reporting a lost item as ""stolen"" to an insurance company in order to collect the insurance money",17,1
5,"Reporting a lost item as ""stolen"" to an insurance company in order to collect the insurance money",16,1
5,"Reporting a lost item as ""stolen"" to an insurance company in order to collect the insurance money",22,1
5,"Reporting a lost item as ""stolen"" to an insurance company in order to collect the insurance money",23,1
5,"Reporting a lost item as ""stolen"" to an insurance company in order to collect the insurance money",21,1
5,"Reporting a lost item as ""stolen"" to an insurance company in order to collect the insurance money",24,1
5,"Reporting a lost item as ""stolen"" to an insurance company in order to collect the insurance money",26,1
5,"Reporting a lost item as ""stolen"" to an insurance company in order to collect the insurance money",27,1
5,"Reporting a lost item as ""stolen"" to an insurance company in order to collect the insurance money",28,1
5,"Reporting a lost item as ""stolen"" to an insurance company in order to collect the insurance money",25,1
5,"Reporting a lost item as ""stolen"" to an insurance company in order to collect the insurance money",29,1
5,"Reporting a lost item as ""stolen"" to an insurance company in order to collect the insurance money",31,1
5,"Reporting a lost item as ""stolen"" to an insurance company in order to collect the insurance money",30,1
5,"Reporting a lost item as ""stolen"" to an insurance company in order to collect the insurance money",37,1
5,"Reporting a lost item as ""stolen"" to an insurance company in order to collect the insurance money",34,1
5,"Reporting a lost item as ""stolen"" to an insurance company in order to collect the insurance money",35,1
5,"Reporting a lost item as ""stolen"" to an insurance company in order to collect the insurance money",33,1
5,"Reporting a lost item as ""stolen"" to an insurance company in order to collect the insurance money",36,1
5,"Reporting a lost item as ""stolen"" to an insurance company in order to collect the insurance money",39,1
5,"Reporting a lost item as ""stolen"" to an insurance company in order to collect the insurance money",38,1
5,"Reporting a lost item as ""stolen"" to an insurance company in order to collect the insurance money",32,1
5,"Reporting a lost item as ""stolen"" to an insurance company in order to collect the insurance money",42,1
5,"Reporting a lost item as ""stolen"" to an insurance company in order to collect the insurance money",44,1
5,"Reporting a lost item as ""stolen"" to an insurance company in order to collect the insurance money",41,1
5,"Reporting a lost item as ""stolen"" to an insurance company in order to collect the insurance money",43,1
5,"Reporting a lost item as ""stolen"" to an insurance company in order to collect the insurance money",40,1
5,"Reporting a lost item as ""stolen"" to an insurance company in order to collect the insurance money",45,1
5,"Reporting a lost item as ""stolen"" to an insurance company in order to collect the insurance money",47,1
5,"Reporting a lost item as ""stolen"" to an insurance company in order to collect the insurance money",48,1
5,"Reporting a lost item as ""stolen"" to an insurance company in order to collect the insurance money",49,1
5,"Reporting a lost item as ""stolen"" to an insurance company in order to collect the insurance money",52,1
5,"Reporting a lost item as ""stolen"" to an insurance company in order to collect the insurance money",53,1
5,"Reporting a lost item as ""stolen"" to an insurance company in order to collect the insurance money",54,1
5,"Reporting a lost item as ""stolen"" to an insurance company in order to collect the insurance money",51,1
5,"Reporting a lost item as ""stolen"" to an insurance company in order to collect the insurance money",50,1
5,"Reporting a lost item as ""stolen"" to an insurance company in order to collect the insurance money",2,1
5,"Reporting a lost item as ""stolen"" to an insurance company in order to collect the insurance money",58,1
5,"Reporting a lost item as ""stolen"" to an insurance company in order to collect the insurance money",56,1
5,"Reporting a lost item as ""stolen"" to an insurance company in order to collect the insurance money",57,1
5,"Reporting a lost item as ""stolen"" to an insurance company in order to collect the insurance money",60,1
5,"Reporting a lost item as ""stolen"" to an insurance company in order to collect the insurance money",59,1
5,"Reporting a lost item as ""stolen"" to an insurance company in order to collect the insurance money",46,1
5,"Reporting a lost item as ""stolen"" to an insurance company in order to collect the insurance money",62,1
5,"Reporting a lost item as ""stolen"" to an insurance company in order to collect the insurance money",63,1
5,"Reporting a lost item as ""stolen"" to an insurance company in order to collect the insurance money",64,1
5,"Reporting a lost item as ""stolen"" to an insurance company in order to collect the insurance money",61,1
5,"Reporting a lost item as ""stolen"" to an insurance company in order to collect the insurance money",66,1
5,"Reporting a lost item as ""stolen"" to an insurance company in order to collect the insurance money",69,1
5,"Reporting a lost item as ""stolen"" to an insurance company in order to collect the insurance money",65,1
5,"Reporting a lost item as ""stolen"" to an insurance company in order to collect the insurance money",68,1
5,"Reporting a lost item as ""stolen"" to an insurance company in order to collect the insurance money",70,1
5,"Reporting a lost item as ""stolen"" to an insurance company in order to collect the insurance money",67,1
5,"Reporting a lost item as ""stolen"" to an insurance company in order to collect the insurance money",74,1
5,"Reporting a lost item as ""stolen"" to an insurance company in order to collect the insurance money",77,1
5,"Reporting a lost item as ""stolen"" to an insurance company in order to collect the insurance money",73,1
5,"Reporting a lost item as ""stolen"" to an insurance company in order to collect the insurance money",71,1
5,"Reporting a lost item as ""stolen"" to an insurance company in order to collect the insurance money",75,1
5,"Reporting a lost item as ""stolen"" to an insurance company in order to collect the insurance money",72,1
5,"Reporting a lost item as ""stolen"" to an insurance company in order to collect the insurance money",76,1
5,"Reporting a lost item as ""stolen"" to an insurance company in order to collect the insurance money",79,1
5,"Reporting a lost item as ""stolen"" to an insurance company in order to collect the insurance money",78,1
5,"Reporting a lost item as ""stolen"" to an insurance company in order to collect the insurance money",82,1
5,"Reporting a lost item as ""stolen"" to an insurance company in order to collect the insurance money",86,1
5,"Reporting a lost item as ""stolen"" to an insurance company in order to collect the insurance money",83,1
5,"Reporting a lost item as ""stolen"" to an insurance company in order to collect the insurance money",80,1
5,"Reporting a lost item as ""stolen"" to an insurance company in order to collect the insurance money",84,1
5,"Reporting a lost item as ""stolen"" to an insurance company in order to collect the insurance money",85,1
5,"Reporting a lost item as ""stolen"" to an insurance company in order to collect the insurance money",81,1
5,"Reporting a lost item as ""stolen"" to an insurance company in order to collect the insurance money",87,1
5,"Reporting a lost item as ""stolen"" to an insurance company in order to collect the insurance money",88,1
5,"Reporting a lost item as ""stolen"" to an insurance company in order to collect the insurance money",89,1
5,"Reporting a lost item as ""stolen"" to an insurance company in order to collect the insurance money",90,1
5,"Reporting a lost item as ""stolen"" to an insurance company in order to collect the insurance money",91,1
5,"Reporting a lost item as ""stolen"" to an insurance company in order to collect the insurance money",92,1
5,"Reporting a lost item as ""stolen"" to an insurance company in order to collect the insurance money",94,1
5,"Reporting a lost item as ""stolen"" to an insurance company in order to collect the insurance money",93,1
5,"Reporting a lost item as ""stolen"" to an insurance company in order to collect the insurance money",95,1
5,"Reporting a lost item as ""stolen"" to an insurance company in order to collect the insurance money",55,1
5,"Reporting a lost item as ""stolen"" to an insurance company in order to collect the insurance money",99,1
5,"Reporting a lost item as ""stolen"" to an insurance company in order to collect the insurance money",98,1
5,"Reporting a lost item as ""stolen"" to an insurance company in order to collect the insurance money",96,1
5,"Reporting a lost item as ""stolen"" to an insurance company in order to collect the insurance money",97,1
6,"Moving into a residence, finding that the cable TV is still hooked up, and using it without paying for it",1,1
6,"Moving into a residence, finding that the cable TV is still hooked up, and using it without paying for it",0,1
6,"Moving into a residence, finding that the cable TV is still hooked up, and using it without paying for it",2,1
6,"Moving into a residence, finding that the cable TV is still hooked up, and using it without paying for it",3,1
6,"Moving into a residence, finding that the cable TV is still hooked up, and using it without paying for it",4,1
6,"Moving into a residence, finding that the cable TV is still hooked up, and using it without paying for it",5,1
6,"Moving into a residence, finding that the cable TV is still hooked up, and using it without paying for it",9,1
6,"Moving into a residence, finding that the cable TV is still hooked up, and using it without paying for it",6,1
6,"Moving into a residence, finding that the cable TV is still hooked up, and using it without paying for it",11,1
6,"Moving into a residence, finding that the cable TV is still hooked up, and using it without paying for it",10,1
6,"Moving into a residence, finding that the cable TV is still hooked up, and using it without paying for it",12,1
6,"Moving into a residence, finding that the cable TV is still hooked up, and using it without paying for it",8,1
6,"Moving into a residence, finding that the cable TV is still hooked up, and using it without paying for it",13,1
6,"Moving into a residence, finding that the cable TV is still hooked up, and using it without paying for it",14,1
6,"Moving into a residence, finding that the cable TV is still hooked up, and using it without paying for it",16,1
6,"Moving into a residence, finding that the cable TV is still hooked up, and using it without paying for it",18,1
6,"Moving into a residence, finding that the cable TV is still hooked up, and using it without paying for it",17,1
6,"Moving into a residence, finding that the cable TV is still hooked up, and using it without paying for it",15,1
6,"Moving into a residence, finding that the cable TV is still hooked up, and using it without paying for it",19,1
6,"Moving into a residence, finding that the cable TV is still hooked up, and using it without paying for it",21,1
6,"Moving into a residence, finding that the cable TV is still hooked up, and using it without paying for it",20,1
6,"Moving into a residence, finding that the cable TV is still hooked up, and using it without paying for it",22,1
6,"Moving into a residence, finding that the cable TV is still hooked up, and using it without paying for it",31,1
6,"Moving into a residence, finding that the cable TV is still hooked up, and using it without paying for it",27,1
6,"Moving into a residence, finding that the cable TV is still hooked up, and using it without paying for it",24,1
6,"Moving into a residence, finding that the cable TV is still hooked up, and using it without paying for it",25,1
6,"Moving into a residence, finding that the cable TV is still hooked up, and using it without paying for it",28,1
6,"Moving into a residence, finding that the cable TV is still hooked up, and using it without paying for it",23,1
6,"Moving into a residence, finding that the cable TV is still hooked up, and using it without paying for it",30,1
6,"Moving into a residence, finding that the cable TV is still hooked up, and using it without paying for it",29,1
6,"Moving into a residence, finding that the cable TV is still hooked up, and using it without paying for it",32,1
6,"Moving into a residence, finding that the cable TV is still hooked up, and using it without paying for it",33,1
6,"Moving into a residence, finding that the cable TV is still hooked up, and using it without paying for it",38,1
6,"Moving into a residence, finding that the cable TV is still hooked up, and using it without paying for it",36,1
6,"Moving into a residence, finding that the cable TV is still hooked up, and using it without paying for it",34,1
6,"Moving into a residence, finding that the cable TV is still hooked up, and using it without paying for it",39,1
6,"Moving into a residence, finding that the cable TV is still hooked up, and using it without paying for it",37,1
6,"Moving into a residence, finding that the cable TV is still hooked up, and using it without paying for it",41,1
6,"Moving into a residence, finding that the cable TV is still hooked up, and using it without paying for it",42,1
6,"Moving into a residence, finding that the cable TV is still hooked up, and using it without paying for it",43,1
6,"Moving into a residence, finding that the cable TV is still hooked up, and using it without paying for it",40,1
6,"Moving into a residence, finding that the cable TV is still hooked up, and using it without paying for it",45,1
6,"Moving into a residence, finding that the cable TV is still hooked up, and using it without paying for it",44,1
6,"Moving into a residence, finding that the cable TV is still hooked up, and using it without paying for it",48,1
6,"Moving into a residence, finding that the cable TV is still hooked up, and using it without paying for it",47,1
6,"Moving into a residence, finding that the cable TV is still hooked up, and using it without paying for it",49,1
6,"Moving into a residence, finding that the cable TV is still hooked up, and using it without paying for it",46,1
6,"Moving into a residence, finding that the cable TV is still hooked up, and using it without paying for it",51,1
6,"Moving into a residence, finding that the cable TV is still hooked up, and using it without paying for it",54,1
6,"Moving into a residence, finding that the cable TV is still hooked up, and using it without paying for it",50,1
6,"Moving into a residence, finding that the cable TV is still hooked up, and using it without paying for it",26,1
6,"Moving into a residence, finding that the cable TV is still hooked up, and using it without paying for it",35,1
6,"Moving into a residence, finding that the cable TV is still hooked up, and using it without paying for it",55,1
6,"Moving into a residence, finding that the cable TV is still hooked up, and using it without paying for it",56,1
6,"Moving into a residence, finding that the cable TV is still hooked up, and using it without paying for it",52,1
6,"Moving into a residence, finding that the cable TV is still hooked up, and using it without paying for it",57,1
6,"Moving into a residence, finding that the cable TV is still hooked up, and using it without paying for it",53,1
6,"Moving into a residence, finding that the cable TV is still hooked up, and using it without paying for it",59,1
6,"Moving into a residence, finding that the cable TV is still hooked up, and using it without paying for it",58,1
6,"Moving into a residence, finding that the cable TV is still hooked up, and using it without paying for it",60,1
6,"Moving into a residence, finding that the cable TV is still hooked up, and using it without paying for it",63,1
6,"Moving into a residence, finding that the cable TV is still hooked up, and using it without paying for it",62,1
6,"Moving into a residence, finding that the cable TV is still hooked up, and using it without paying for it",64,1
6,"Moving into a residence, finding that the cable TV is still hooked up, and using it without paying for it",65,1
6,"Moving into a residence, finding that the cable TV is still hooked up, and using it without paying for it",67,1
6,"Moving into a residence, finding that the cable TV is still hooked up, and using it without paying for it",68,1
6,"Moving into a residence, finding that the cable TV is still hooked up, and using it without paying for it",66,1
6,"Moving into a residence, finding that the cable TV is still hooked up, and using it without paying for it",70,1
6,"Moving into a residence, finding that the cable TV is still hooked up, and using it without paying for it",72,1
6,"Moving into a residence, finding that the cable TV is still hooked up, and using it without paying for it",73,1
6,"Moving into a residence, finding that the cable TV is still hooked up, and using it without paying for it",75,1
6,"Moving into a residence, finding that the cable TV is still hooked up, and using it without paying for it",71,1
6,"Moving into a residence, finding that the cable TV is still hooked up, and using it without paying for it",76,1
6,"Moving into a residence, finding that the cable TV is still hooked up, and using it without paying for it",7,1
6,"Moving into a residence, finding that the cable TV is still hooked up, and using it without paying for it",74,1
6,"Moving into a residence, finding that the cable TV is still hooked up, and using it without paying for it",61,1
6,"Moving into a residence, finding that the cable TV is still hooked up, and using it without paying for it",78,1
6,"Moving into a residence, finding that the cable TV is still hooked up, and using it without paying for it",69,1
6,"Moving into a residence, finding that the cable TV is still hooked up, and using it without paying for it",80,1
6,"Moving into a residence, finding that the cable TV is still hooked up, and using it without paying for it",79,1
6,"Moving into a residence, finding that the cable TV is still hooked up, and using it without paying for it",77,1
6,"Moving into a residence, finding that the cable TV is still hooked up, and using it without paying for it",85,1
6,"Moving into a residence, finding that the cable TV is still hooked up, and using it without paying for it",83,1
6,"Moving into a residence, finding that the cable TV is still hooked up, and using it without paying for it",81,1
6,"Moving into a residence, finding that the cable TV is still hooked up, and using it without paying for it",86,1
6,"Moving into a residence, finding that the cable TV is still hooked up, and using it without paying for it",84,1
6,"Moving into a residence, finding that the cable TV is still hooked up, and using it without paying for it",82,1
6,"Moving into a residence, finding that the cable TV is still hooked up, and using it without paying for it",89,1
6,"Moving into a residence, finding that the cable TV is still hooked up, and using it without paying for it",91,1
6,"Moving into a residence, finding that the cable TV is still hooked up, and using it without paying for it",90,1
6,"Moving into a residence, finding that the cable TV is still hooked up, and using it without paying for it",87,1
6,"Moving into a residence, finding that the cable TV is still hooked up, and using it without paying for it",88,1
6,"Moving into a residence, finding that the cable TV is still hooked up, and using it without paying for it",92,1
6,"Moving into a residence, finding that the cable TV is still hooked up, and using it without paying for it",95,1
6,"Moving into a residence, finding that the cable TV is still hooked up, and using it without paying for it",93,1
6,"Moving into a residence, finding that the cable TV is still hooked up, and using it without paying for it",94,1
6,"Moving into a residence, finding that the cable TV is still hooked up, and using it without paying for it",99,1
6,"Moving into a residence, finding that the cable TV is still hooked up, and using it without paying for it",98,1
6,"Moving into a residence, finding that the cable TV is still hooked up, and using it without paying for it",97,1
6,"Moving into a residence, finding that the cable TV is still hooked up, and using it without paying for it",96,1
7,Lying about a child's age to get a lower price,0,1
7,Lying about a child's age to get a lower price,1,1
7,Lying about a child's age to get a lower price,2,1
7,Lying about a child's age to get a lower price,4,2
7,Lying about a child's age to get a lower price,3,1
7,Lying about a child's age to get a lower price,6,1
7,Lying about a child's age to get a lower price,8,1
7,Lying about a child's age to get a lower price,7,1
7,Lying about a child's age to get a lower price,11,1
7,Lying about a child's age to get a lower price,12,1
7,Lying about a child's age to get a lower price,10,1
7,Lying about a child's age to get a lower price,9,2
7,Lying about a child's age to get a lower price,13,1
7,Lying about a child's age to get a lower price,5,1
7,Lying about a child's age to get a lower price,14,1
7,Lying about a child's age to get a lower price,16,1
7,Lying about a child's age to get a lower price,15,1
7,Lying about a child's age to get a lower price,17,1
7,Lying about a child's age to get a lower price,18,2
7,Lying about a child's age to get a lower price,20,1
7,Lying about a child's age to get a lower price,22,1
7,Lying about a child's age to get a lower price,19,1
7,Lying about a child's age to get a lower price,23,1
7,Lying about a child's age to get a lower price,21,2
7,Lying about a child's age to get a lower price,24,2
7,Lying about a child's age to get a lower price,25,2
7,Lying about a child's age to get a lower price,26,1
7,Lying about a child's age to get a lower price,28,1
7,Lying about a child's age to get a lower price,29,1
7,Lying about a child's age to get a lower price,27,1
7,Lying about a child's age to get a lower price,30,1
7,Lying about a child's age to get a lower price,31,2
7,Lying about a child's age to get a lower price,32,1
7,Lying about a child's age to get a lower price,33,1
7,Lying about a child's age to get a lower price,35,1
7,Lying about a child's age to get a lower price,34,1
7,Lying about a child's age to get a lower price,36,1
7,Lying about a child's age to get a lower price,37,1
7,Lying about a child's age to get a lower price,38,1
7,Lying about a child's age to get a lower price,39,2
7,Lying about a child's age to get a lower price,40,1
7,Lying about a child's age to get a lower price,42,2
7,Lying about a child's age to get a lower price,41,1
7,Lying about a child's age to get a lower price,43,2
7,Lying about a child's age to get a lower price,44,1
7,Lying about a child's age to get a lower price,48,1
7,Lying about a child's age to get a lower price,47,2
7,Lying about a child's age to get a lower price,45,1
7,Lying about a child's age to get a lower price,46,1
7,Lying about a child's age to get a lower price,50,2
7,Lying about a child's age to get a lower price,49,1
7,Lying about a child's age to get a lower price,51,1
7,Lying about a child's age to get a lower price,52,2
7,Lying about a child's age to get a lower price,53,1
7,Lying about a child's age to get a lower price,54,1
7,Lying about a child's age to get a lower price,56,1
7,Lying about a child's age to get a lower price,57,1
7,Lying about a child's age to get a lower price,60,1
7,Lying about a child's age to get a lower price,61,1
7,Lying about a child's age to get a lower price,63,2
7,Lying about a child's age to get a lower price,58,1
7,Lying about a child's age to get a lower price,64,1
7,Lying about a child's age to get a lower price,66,1
7,Lying about a child's age to get a lower price,62,2
7,Lying about a child's age to get a lower price,65,1
7,Lying about a child's age to get a lower price,67,2
7,Lying about a child's age to get a lower price,68,2
7,Lying about a child's age to get a lower price,69,1
7,Lying about a child's age to get a lower price,70,1
7,Lying about a child's age to get a lower price,59,1
7,Lying about a child's age to get a lower price,71,1
7,Lying about a child's age to get a lower price,74,1
7,Lying about a child's age to get a lower price,72,1
7,Lying about a child's age to get a lower price,73,1
7,Lying about a child's age to get a lower price,75,1
7,Lying about a child's age to get a lower price,76,2
7,Lying about a child's age to get a lower price,78,1
7,Lying about a child's age to get a lower price,79,1
7,Lying about a child's age to get a lower price,77,1
7,Lying about a child's age to get a lower price,81,1
7,Lying about a child's age to get a lower price,80,2
7,Lying about a child's age to get a lower price,83,1
7,Lying about a child's age to get a lower price,85,1
7,Lying about a child's age to get a lower price,82,1
7,Lying about a child's age to get a lower price,55,2
7,Lying about a child's age to get a lower price,88,1
7,Lying about a child's age to get a lower price,86,2
7,Lying about a child's age to get a lower price,89,2
7,Lying about a child's age to get a lower price,84,1
7,Lying about a child's age to get a lower price,91,1
7,Lying about a child's age to get a lower price,87,1
7,Lying about a child's age to get a lower price,93,1
7,Lying about a child's age to get a lower price,90,1
7,Lying about a child's age to get a lower price,92,2
7,Lying about a child's age to get a lower price,94,1
7,Lying about a child's age to get a lower price,95,1
7,Lying about a child's age to get a lower price,96,1
7,Lying about a child's age to get a lower price,98,1
7,Lying about a child's age to get a lower price,97,1
7,Lying about a child's age to get a lower price,99,1
8,Not saying anything when the waiter or waitress miscalculates a bill in your favor,0,4
8,Not saying anything when the waiter or waitress miscalculates a bill in your favor,2,4
8,Not saying anything when the waiter or waitress miscalculates a bill in your favor,3,4
8,Not saying anything when the waiter or waitress miscalculates a bill in your favor,1,4
8,Not saying anything when the waiter or waitress miscalculates a bill in your favor,7,4
8,Not saying anything when the waiter or waitress miscalculates a bill in your favor,6,4
8,Not saying anything when the waiter or waitress miscalculates a bill in your favor,5,4
8,Not saying anything when the waiter or waitress miscalculates a bill in your favor,10,4
8,Not saying anything when the waiter or waitress miscalculates a bill in your favor,4,4
8,Not saying anything when the waiter or waitress miscalculates a bill in your favor,9,4
8,Not saying anything when the waiter or waitress miscalculates a bill in your favor,12,4
8,Not saying anything when the waiter or waitress miscalculates a bill in your favor,11,4
8,Not saying anything when the waiter or waitress miscalculates a bill in your favor,13,4
8,Not saying anything when the waiter or waitress miscalculates a bill in your favor,8,4
8,Not saying anything when the waiter or waitress miscalculates a bill in your favor,19,4
8,Not saying anything when the waiter or waitress miscalculates a bill in your favor,14,4
8,Not saying anything when the waiter or waitress miscalculates a bill in your favor,17,4
8,Not saying anything when the waiter or waitress miscalculates a bill in your favor,15,4
8,Not saying anything when the waiter or waitress miscalculates a bill in your favor,18,4
8,Not saying anything when the waiter or waitress miscalculates a bill in your favor,16,4
8,Not saying anything when the waiter or waitress miscalculates a bill in your favor,20,4
8,Not saying anything when the waiter or waitress miscalculates a bill in your favor,21,4
8,Not saying anything when the waiter or waitress miscalculates a bill in your favor,23,4
8,Not saying anything when the waiter or waitress miscalculates a bill in your favor,22,4
8,Not saying anything when the waiter or waitress miscalculates a bill in your favor,30,4
8,Not saying anything when the waiter or waitress miscalculates a bill in your favor,26,4
8,Not saying anything when the waiter or waitress miscalculates a bill in your favor,25,4
8,Not saying anything when the waiter or waitress miscalculates a bill in your favor,29,4
8,Not saying anything when the waiter or waitress miscalculates a bill in your favor,28,4
8,Not saying anything when the waiter or waitress miscalculates a bill in your favor,27,4
8,Not saying anything when the waiter or waitress miscalculates a bill in your favor,24,4
8,Not saying anything when the waiter or waitress miscalculates a bill in your favor,31,4
8,Not saying anything when the waiter or waitress miscalculates a bill in your favor,32,4
8,Not saying anything when the waiter or waitress miscalculates a bill in your favor,33,4
8,Not saying anything when the waiter or waitress miscalculates a bill in your favor,34,3
8,Not saying anything when the waiter or waitress miscalculates a bill in your favor,38,4
8,Not saying anything when the waiter or waitress miscalculates a bill in your favor,35,4
8,Not saying anything when the waiter or waitress miscalculates a bill in your favor,37,4
8,Not saying anything when the waiter or waitress miscalculates a bill in your favor,41,4
8,Not saying anything when the waiter or waitress miscalculates a bill in your favor,39,4
8,Not saying anything when the waiter or waitress miscalculates a bill in your favor,36,4
8,Not saying anything when the waiter or waitress miscalculates a bill in your favor,40,4
8,Not saying anything when the waiter or waitress miscalculates a bill in your favor,43,4
8,Not saying anything when the waiter or waitress miscalculates a bill in your favor,47,4
8,Not saying anything when the waiter or waitress miscalculates a bill in your favor,44,4
8,Not saying anything when the waiter or waitress miscalculates a bill in your favor,45,4
8,Not saying anything when the waiter or waitress miscalculates a bill in your favor,48,4
8,Not saying anything when the waiter or waitress miscalculates a bill in your favor,49,4
8,Not saying anything when the waiter or waitress miscalculates a bill in your favor,42,4
8,Not saying anything when the waiter or waitress miscalculates a bill in your favor,54,4
8,Not saying anything when the waiter or waitress miscalculates a bill in your favor,53,4
8,Not saying anything when the waiter or waitress miscalculates a bill in your favor,55,4
8,Not saying anything when the waiter or waitress miscalculates a bill in your favor,51,4
8,Not saying anything when the waiter or waitress miscalculates a bill in your favor,50,4
8,Not saying anything when the waiter or waitress miscalculates a bill in your favor,56,4
8,Not saying anything when the waiter or waitress miscalculates a bill in your favor,52,4
8,Not saying anything when the waiter or waitress miscalculates a bill in your favor,46,4
8,Not saying anything when the waiter or waitress miscalculates a bill in your favor,57,4
8,Not saying anything when the waiter or waitress miscalculates a bill in your favor,59,4
8,Not saying anything when the waiter or waitress miscalculates a bill in your favor,64,4
8,Not saying anything when the waiter or waitress miscalculates a bill in your favor,60,4
8,Not saying anything when the waiter or waitress miscalculates a bill in your favor,63,4
8,Not saying anything when the waiter or waitress miscalculates a bill in your favor,62,4
8,Not saying anything when the waiter or waitress miscalculates a bill in your favor,61,4
8,Not saying anything when the waiter or waitress miscalculates a bill in your favor,67,4
8,Not saying anything when the waiter or waitress miscalculates a bill in your favor,65,4
8,Not saying anything when the waiter or waitress miscalculates a bill in your favor,66,4
8,Not saying anything when the waiter or waitress miscalculates a bill in your favor,69,4
8,Not saying anything when the waiter or waitress miscalculates a bill in your favor,68,4
8,Not saying anything when the waiter or waitress miscalculates a bill in your favor,72,4
8,Not saying anything when the waiter or waitress miscalculates a bill in your favor,71,4
8,Not saying anything when the waiter or waitress miscalculates a bill in your favor,70,4
8,Not saying anything when the waiter or waitress miscalculates a bill in your favor,76,4
8,Not saying anything when the waiter or waitress miscalculates a bill in your favor,74,4
8,Not saying anything when the waiter or waitress miscalculates a bill in your favor,75,4
8,Not saying anything when the waiter or waitress miscalculates a bill in your favor,78,4
8,Not saying anything when the waiter or waitress miscalculates a bill in your favor,77,4
8,Not saying anything when the waiter or waitress miscalculates a bill in your favor,58,4
8,Not saying anything when the waiter or waitress miscalculates a bill in your favor,79,4
8,Not saying anything when the waiter or waitress miscalculates a bill in your favor,73,4
8,Not saying anything when the waiter or waitress miscalculates a bill in your favor,81,4
8,Not saying anything when the waiter or waitress miscalculates a bill in your favor,80,4
8,Not saying anything when the waiter or waitress miscalculates a bill in your favor,82,4
8,Not saying anything when the waiter or waitress miscalculates a bill in your favor,84,4
8,Not saying anything when the waiter or waitress miscalculates a bill in your favor,83,4
8,Not saying anything when the waiter or waitress miscalculates a bill in your favor,87,4
8,Not saying anything when the waiter or waitress miscalculates a bill in your favor,85,4
8,Not saying anything when the waiter or waitress miscalculates a bill in your favor,88,4
8,Not saying anything when the waiter or waitress miscalculates a bill in your favor,86,4
8,Not saying anything when the waiter or waitress miscalculates a bill in your favor,89,4
8,Not saying anything when the waiter or waitress miscalculates a bill in your favor,91,4
8,Not saying anything when the waiter or waitress miscalculates a bill in your favor,90,4
8,Not saying anything when the waiter or waitress miscalculates a bill in your favor,93,4
8,Not saying anything when the waiter or waitress miscalculates a bill in your favor,92,4
8,Not saying anything when the waiter or waitress miscalculates a bill in your favor,96,4
8,Not saying anything when the waiter or waitress miscalculates a bill in your favor,95,4
8,Not saying anything when the waiter or waitress miscalculates a bill in your favor,97,4
8,Not saying anything when the waiter or waitress miscalculates a bill in your favor,99,4
8,Not saying anything when the waiter or waitress miscalculates a bill in your favor,98,4
8,Not saying anything when the waiter or waitress miscalculates a bill in your favor,94,4
9,Getting too much change and not saying anything,0,2
9,Getting too much change and not saying anything,1,2
9,Getting too much change and not saying anything,2,3
9,Getting too much change and not saying anything,3,3
9,Getting too much change and not saying anything,4,2
9,Getting too much change and not saying anything,5,3
9,Getting too much change and not saying anything,6,3
9,Getting too much change and not saying anything,9,3
9,Getting too much change and not saying anything,8,2
9,Getting too much change and not saying anything,7,3
9,Getting too much change and not saying anything,11,3
9,Getting too much change and not saying anything,10,3
9,Getting too much change and not saying anything,12,3
9,Getting too much change and not saying anything,14,3
9,Getting too much change and not saying anything,13,3
9,Getting too much change and not saying anything,17,3
9,Getting too much change and not saying anything,15,2
9,Getting too much change and not saying anything,18,3
9,Getting too much change and not saying anything,16,3
9,Getting too much change and not saying anything,19,2
9,Getting too much change and not saying anything,20,2
9,Getting too much change and not saying anything,22,3
9,Getting too much change and not saying anything,21,3
9,Getting too much change and not saying anything,24,3
9,Getting too much change and not saying anything,23,3
9,Getting too much change and not saying anything,26,3
9,Getting too much change and not saying anything,27,3
9,Getting too much change and not saying anything,32,2
9,Getting too much change and not saying anything,29,3
9,Getting too much change and not saying anything,28,3
9,Getting too much change and not saying anything,25,3
9,Getting too much change and not saying anything,31,3
9,Getting too much change and not saying anything,34,3
9,Getting too much change and not saying anything,33,3
9,Getting too much change and not saying anything,35,3
9,Getting too much change and not saying anything,30,2
9,Getting too much change and not saying anything,36,3
9,Getting too much change and not saying anything,41,3
9,Getting too much change and not saying anything,37,3
9,Getting too much change and not saying anything,39,3
9,Getting too much change and not saying anything,38,3
9,Getting too much change and not saying anything,42,3
9,Getting too much change and not saying anything,44,3
9,Getting too much change and not saying anything,43,3
9,Getting too much change and not saying anything,40,2
9,Getting too much change and not saying anything,46,3
9,Getting too much change and not saying anything,45,3
9,Getting too much change and not saying anything,49,2
9,Getting too much change and not saying anything,48,3
9,Getting too much change and not saying anything,47,3
9,Getting too much change and not saying anything,50,2
9,Getting too much change and not saying anything,51,3
9,Getting too much change and not saying anything,52,3
9,Getting too much change and not saying anything,54,2
9,Getting too much change and not saying anything,55,3
9,Getting too much change and not saying anything,53,3
9,Getting too much change and not saying anything,56,3
9,Getting too much change and not saying anything,63,3
9,Getting too much change and not saying anything,59,3
9,Getting too much change and not saying anything,64,3
9,Getting too much change and not saying anything,60,3
9,Getting too much change and not saying anything,61,3
9,Getting too much change and not saying anything,65,3
9,Getting too much change and not saying anything,62,3
9,Getting too much change and not saying anything,57,3
9,Getting too much change and not saying anything,58,2
9,Getting too much change and not saying anything,67,2
9,Getting too much change and not saying anything,66,2
9,Getting too much change and not saying anything,70,2
9,Getting too much change and not saying anything,68,3
9,Getting too much change and not saying anything,72,3
9,Getting too much change and not saying anything,69,3
9,Getting too much change and not saying anything,75,3
9,Getting too much change and not saying anything,71,3
9,Getting too much change and not saying anything,74,3
9,Getting too much change and not saying anything,79,3
9,Getting too much change and not saying anything,76,2
9,Getting too much change and not saying anything,81,3
9,Getting too much change and not saying anything,77,3
9,Getting too much change and not saying anything,78,3
9,Getting too much change and not saying anything,83,3
9,Getting too much change and not saying anything,80,3
9,Getting too much change and not saying anything,84,3
9,Getting too much change and not saying anything,85,2
9,Getting too much change and not saying anything,86,3
9,Getting too much change and not saying anything,87,2
9,Getting too much change and not saying anything,90,3
9,Getting too much change and not saying anything,82,3
9,Getting too much change and not saying anything,73,3
9,Getting too much change and not saying anything,88,3
9,Getting too much change and not saying anything,89,3
9,Getting too much change and not saying anything,91,3
9,Getting too much change and not saying anything,94,3
9,Getting too much change and not saying anything,93,2
9,Getting too much change and not saying anything,92,2
9,Getting too much change and not saying anything,96,3
9,Getting too much change and not saying anything,97,3
9,Getting too much change and not saying anything,98,2
9,Getting too much change and not saying anything,95,2
9,Getting too much change and not saying anything,99,2
10,Joining a CD club just to get some free CD's with no intention of buying any ,1,2
10,Joining a CD club just to get some free CD's with no intention of buying any ,0,2
10,Joining a CD club just to get some free CD's with no intention of buying any ,2,2
10,Joining a CD club just to get some free CD's with no intention of buying any ,3,2
10,Joining a CD club just to get some free CD's with no intention of buying any ,4,2
10,Joining a CD club just to get some free CD's with no intention of buying any ,6,2
10,Joining a CD club just to get some free CD's with no intention of buying any ,5,2
10,Joining a CD club just to get some free CD's with no intention of buying any ,7,1
10,Joining a CD club just to get some free CD's with no intention of buying any ,8,2
10,Joining a CD club just to get some free CD's with no intention of buying any ,10,2
10,Joining a CD club just to get some free CD's with no intention of buying any ,9,2
10,Joining a CD club just to get some free CD's with no intention of buying any ,11,2
10,Joining a CD club just to get some free CD's with no intention of buying any ,15,2
10,Joining a CD club just to get some free CD's with no intention of buying any ,13,2
10,Joining a CD club just to get some free CD's with no intention of buying any ,12,2
10,Joining a CD club just to get some free CD's with no intention of buying any ,16,2
10,Joining a CD club just to get some free CD's with no intention of buying any ,18,2
10,Joining a CD club just to get some free CD's with no intention of buying any ,14,2
10,Joining a CD club just to get some free CD's with no intention of buying any ,17,2
10,Joining a CD club just to get some free CD's with no intention of buying any ,19,2
10,Joining a CD club just to get some free CD's with no intention of buying any ,20,2
10,Joining a CD club just to get some free CD's with no intention of buying any ,21,2
10,Joining a CD club just to get some free CD's with no intention of buying any ,22,2
10,Joining a CD club just to get some free CD's with no intention of buying any ,25,2
10,Joining a CD club just to get some free CD's with no intention of buying any ,24,2
10,Joining a CD club just to get some free CD's with no intention of buying any ,29,2
10,Joining a CD club just to get some free CD's with no intention of buying any ,23,2
10,Joining a CD club just to get some free CD's with no intention of buying any ,26,2
10,Joining a CD club just to get some free CD's with no intention of buying any ,30,2
10,Joining a CD club just to get some free CD's with no intention of buying any ,28,2
10,Joining a CD club just to get some free CD's with no intention of buying any ,27,2
10,Joining a CD club just to get some free CD's with no intention of buying any ,31,2
10,Joining a CD club just to get some free CD's with no intention of buying any ,32,2
10,Joining a CD club just to get some free CD's with no intention of buying any ,33,2
10,Joining a CD club just to get some free CD's with no intention of buying any ,34,2
10,Joining a CD club just to get some free CD's with no intention of buying any ,37,1
10,Joining a CD club just to get some free CD's with no intention of buying any ,36,2
10,Joining a CD club just to get some free CD's with no intention of buying any ,40,2
10,Joining a CD club just to get some free CD's with no intention of buying any ,35,2
10,Joining a CD club just to get some free CD's with no intention of buying any ,43,2
10,Joining a CD club just to get some free CD's with no intention of buying any ,39,2
10,Joining a CD club just to get some free CD's with no intention of buying any ,42,2
10,Joining a CD club just to get some free CD's with no intention of buying any ,44,2
10,Joining a CD club just to get some free CD's with no intention of buying any ,45,2
10,Joining a CD club just to get some free CD's with no intention of buying any ,46,2
10,Joining a CD club just to get some free CD's with no intention of buying any ,41,2
10,Joining a CD club just to get some free CD's with no intention of buying any ,38,2
10,Joining a CD club just to get some free CD's with no intention of buying any ,48,2
10,Joining a CD club just to get some free CD's with no intention of buying any ,52,2
10,Joining a CD club just to get some free CD's with no intention of buying any ,49,2
10,Joining a CD club just to get some free CD's with no intention of buying any ,53,2
10,Joining a CD club just to get some free CD's with no intention of buying any ,51,2
10,Joining a CD club just to get some free CD's with no intention of buying any ,55,2
10,Joining a CD club just to get some free CD's with no intention of buying any ,47,2
10,Joining a CD club just to get some free CD's with no intention of buying any ,54,1
10,Joining a CD club just to get some free CD's with no intention of buying any ,50,2
10,Joining a CD club just to get some free CD's with no intention of buying any ,56,2
10,Joining a CD club just to get some free CD's with no intention of buying any ,57,1
10,Joining a CD club just to get some free CD's with no intention of buying any ,61,2
10,Joining a CD club just to get some free CD's with no intention of buying any ,59,2
10,Joining a CD club just to get some free CD's with no intention of buying any ,58,2
10,Joining a CD club just to get some free CD's with no intention of buying any ,60,2
10,Joining a CD club just to get some free CD's with no intention of buying any ,62,1
10,Joining a CD club just to get some free CD's with no intention of buying any ,63,2
10,Joining a CD club just to get some free CD's with no intention of buying any ,64,2
10,Joining a CD club just to get some free CD's with no intention of buying any ,67,2
10,Joining a CD club just to get some free CD's with no intention of buying any ,66,2
10,Joining a CD club just to get some free CD's with no intention of buying any ,65,2
10,Joining a CD club just to get some free CD's with no intention of buying any ,68,2
10,Joining a CD club just to get some free CD's with no intention of buying any ,70,2
10,Joining a CD club just to get some free CD's with no intention of buying any ,72,2
10,Joining a CD club just to get some free CD's with no intention of buying any ,71,1
10,Joining a CD club just to get some free CD's with no intention of buying any ,74,2
10,Joining a CD club just to get some free CD's with no intention of buying any ,73,2
10,Joining a CD club just to get some free CD's with no intention of buying any ,75,2
10,Joining a CD club just to get some free CD's with no intention of buying any ,79,2
10,Joining a CD club just to get some free CD's with no intention of buying any ,69,2
10,Joining a CD club just to get some free CD's with no intention of buying any ,77,2
10,Joining a CD club just to get some free CD's with no intention of buying any ,78,2
10,Joining a CD club just to get some free CD's with no intention of buying any ,76,2
10,Joining a CD club just to get some free CD's with no intention of buying any ,81,2
10,Joining a CD club just to get some free CD's with no intention of buying any ,84,2
10,Joining a CD club just to get some free CD's with no intention of buying any ,80,2
10,Joining a CD club just to get some free CD's with no intention of buying any ,83,2
10,Joining a CD club just to get some free CD's with no intention of buying any ,82,2
10,Joining a CD club just to get some free CD's with no intention of buying any ,85,2
10,Joining a CD club just to get some free CD's with no intention of buying any ,88,2
10,Joining a CD club just to get some free CD's with no intention of buying any ,86,2
10,Joining a CD club just to get some free CD's with no intention of buying any ,87,1
10,Joining a CD club just to get some free CD's with no intention of buying any ,90,2
10,Joining a CD club just to get some free CD's with no intention of buying any ,91,2
10,Joining a CD club just to get some free CD's with no intention of buying any ,89,2
10,Joining a CD club just to get some free CD's with no intention of buying any ,92,2
10,Joining a CD club just to get some free CD's with no intention of buying any ,95,2
10,Joining a CD club just to get some free CD's with no intention of buying any ,93,2
10,Joining a CD club just to get some free CD's with no intention of buying any ,96,2
10,Joining a CD club just to get some free CD's with no intention of buying any ,94,2
10,Joining a CD club just to get some free CD's with no intention of buying any ,97,2
10,Joining a CD club just to get some free CD's with no intention of buying any ,98,2
10,Joining a CD club just to get some free CD's with no intention of buying any ,99,2
11,Observing someone shoplifting and ignoring it,0,3
11,Observing someone shoplifting and ignoring it,3,3
11,Observing someone shoplifting and ignoring it,1,2
11,Observing someone shoplifting and ignoring it,4,2
11,Observing someone shoplifting and ignoring it,5,3
11,Observing someone shoplifting and ignoring it,7,3
11,Observing someone shoplifting and ignoring it,8,3
11,Observing someone shoplifting and ignoring it,2,3
11,Observing someone shoplifting and ignoring it,12,3
11,Observing someone shoplifting and ignoring it,10,3
11,Observing someone shoplifting and ignoring it,11,3
11,Observing someone shoplifting and ignoring it,9,2
11,Observing someone shoplifting and ignoring it,14,3
11,Observing someone shoplifting and ignoring it,13,3
11,Observing someone shoplifting and ignoring it,15,3
11,Observing someone shoplifting and ignoring it,16,3
11,Observing someone shoplifting and ignoring it,17,3
11,Observing someone shoplifting and ignoring it,19,3
11,Observing someone shoplifting and ignoring it,6,3
11,Observing someone shoplifting and ignoring it,18,3
11,Observing someone shoplifting and ignoring it,20,3
11,Observing someone shoplifting and ignoring it,23,3
11,Observing someone shoplifting and ignoring it,21,3
11,Observing someone shoplifting and ignoring it,22,3
11,Observing someone shoplifting and ignoring it,32,3
11,Observing someone shoplifting and ignoring it,25,3
11,Observing someone shoplifting and ignoring it,31,2
11,Observing someone shoplifting and ignoring it,24,3
11,Observing someone shoplifting and ignoring it,26,2
11,Observing someone shoplifting and ignoring it,29,2
11,Observing someone shoplifting and ignoring it,30,3
11,Observing someone shoplifting and ignoring it,27,3
11,Observing someone shoplifting and ignoring it,28,3
11,Observing someone shoplifting and ignoring it,33,3
11,Observing someone shoplifting and ignoring it,35,3
11,Observing someone shoplifting and ignoring it,34,3
11,Observing someone shoplifting and ignoring it,37,3
11,Observing someone shoplifting and ignoring it,40,3
11,Observing someone shoplifting and ignoring it,39,3
11,Observing someone shoplifting and ignoring it,36,3
11,Observing someone shoplifting and ignoring it,38,3
11,Observing someone shoplifting and ignoring it,42,3
11,Observing someone shoplifting and ignoring it,43,3
11,Observing someone shoplifting and ignoring it,41,3
11,Observing someone shoplifting and ignoring it,48,3
11,Observing someone shoplifting and ignoring it,44,3
11,Observing someone shoplifting and ignoring it,46,2
11,Observing someone shoplifting and ignoring it,49,3
11,Observing someone shoplifting and ignoring it,50,2
11,Observing someone shoplifting and ignoring it,47,3
11,Observing someone shoplifting and ignoring it,51,3
11,Observing someone shoplifting and ignoring it,45,3
11,Observing someone shoplifting and ignoring it,52,3
11,Observing someone shoplifting and ignoring it,53,3
11,Observing someone shoplifting and ignoring it,54,3
11,Observing someone shoplifting and ignoring it,56,3
11,Observing someone shoplifting and ignoring it,55,3
11,Observing someone shoplifting and ignoring it,59,2
11,Observing someone shoplifting and ignoring it,58,3
11,Observing someone shoplifting and ignoring it,57,3
11,Observing someone shoplifting and ignoring it,60,3
11,Observing someone shoplifting and ignoring it,62,3
11,Observing someone shoplifting and ignoring it,61,3
11,Observing someone shoplifting and ignoring it,63,3
11,Observing someone shoplifting and ignoring it,64,3
11,Observing someone shoplifting and ignoring it,67,3
11,Observing someone shoplifting and ignoring it,65,3
11,Observing someone shoplifting and ignoring it,66,3
11,Observing someone shoplifting and ignoring it,68,3
11,Observing someone shoplifting and ignoring it,69,3
11,Observing someone shoplifting and ignoring it,70,3
11,Observing someone shoplifting and ignoring it,72,3
11,Observing someone shoplifting and ignoring it,73,3
11,Observing someone shoplifting and ignoring it,75,3
11,Observing someone shoplifting and ignoring it,74,3
11,Observing someone shoplifting and ignoring it,71,3
11,Observing someone shoplifting and ignoring it,76,3
11,Observing someone shoplifting and ignoring it,77,3
11,Observing someone shoplifting and ignoring it,79,3
11,Observing someone shoplifting and ignoring it,80,3
11,Observing someone shoplifting and ignoring it,81,3
11,Observing someone shoplifting and ignoring it,85,3
11,Observing someone shoplifting and ignoring it,82,3
11,Observing someone shoplifting and ignoring it,83,3
11,Observing someone shoplifting and ignoring it,84,3
11,Observing someone shoplifting and ignoring it,86,3
11,Observing someone shoplifting and ignoring it,78,3
11,Observing someone shoplifting and ignoring it,87,3
11,Observing someone shoplifting and ignoring it,89,3
11,Observing someone shoplifting and ignoring it,88,3
11,Observing someone shoplifting and ignoring it,90,3
11,Observing someone shoplifting and ignoring it,92,3
11,Observing someone shoplifting and ignoring it,93,3
11,Observing someone shoplifting and ignoring it,91,2
11,Observing someone shoplifting and ignoring it,95,3
11,Observing someone shoplifting and ignoring it,97,3
11,Observing someone shoplifting and ignoring it,96,3
11,Observing someone shoplifting and ignoring it,98,3
11,Observing someone shoplifting and ignoring it,99,3
11,Observing someone shoplifting and ignoring it,94,3
12,Using an expired coupon for merchandise,0,2
12,Using an expired coupon for merchandise,1,2
12,Using an expired coupon for merchandise,2,2
12,Using an expired coupon for merchandise,4,2
12,Using an expired coupon for merchandise,3,2
12,Using an expired coupon for merchandise,6,2
12,Using an expired coupon for merchandise,5,2
12,Using an expired coupon for merchandise,8,2
12,Using an expired coupon for merchandise,7,2
12,Using an expired coupon for merchandise,10,1
12,Using an expired coupon for merchandise,9,2
12,Using an expired coupon for merchandise,11,2
12,Using an expired coupon for merchandise,12,2
12,Using an expired coupon for merchandise,13,2
12,Using an expired coupon for merchandise,14,2
12,Using an expired coupon for merchandise,17,2
12,Using an expired coupon for merchandise,15,2
12,Using an expired coupon for merchandise,16,2
12,Using an expired coupon for merchandise,20,2
12,Using an expired coupon for merchandise,18,2
12,Using an expired coupon for merchandise,23,2
12,Using an expired coupon for merchandise,24,2
12,Using an expired coupon for merchandise,19,2
12,Using an expired coupon for merchandise,22,2
12,Using an expired coupon for merchandise,26,2
12,Using an expired coupon for merchandise,21,2
12,Using an expired coupon for merchandise,28,2
12,Using an expired coupon for merchandise,27,2
12,Using an expired coupon for merchandise,25,2
12,Using an expired coupon for merchandise,35,2
12,Using an expired coupon for merchandise,29,2
12,Using an expired coupon for merchandise,32,2
12,Using an expired coupon for merchandise,37,2
12,Using an expired coupon for merchandise,33,2
12,Using an expired coupon for merchandise,34,2
12,Using an expired coupon for merchandise,38,2
12,Using an expired coupon for merchandise,31,2
12,Using an expired coupon for merchandise,36,2
12,Using an expired coupon for merchandise,30,2
12,Using an expired coupon for merchandise,40,2
12,Using an expired coupon for merchandise,45,2
12,Using an expired coupon for merchandise,44,2
12,Using an expired coupon for merchandise,39,2
12,Using an expired coupon for merchandise,42,2
12,Using an expired coupon for merchandise,41,2
12,Using an expired coupon for merchandise,43,2
12,Using an expired coupon for merchandise,46,2
12,Using an expired coupon for merchandise,47,2
12,Using an expired coupon for merchandise,51,2
12,Using an expired coupon for merchandise,48,2
12,Using an expired coupon for merchandise,54,2
12,Using an expired coupon for merchandise,49,2
12,Using an expired coupon for merchandise,50,1
12,Using an expired coupon for merchandise,53,2
12,Using an expired coupon for merchandise,55,2
12,Using an expired coupon for merchandise,56,2
12,Using an expired coupon for merchandise,57,2
12,Using an expired coupon for merchandise,58,2
12,Using an expired coupon for merchandise,60,2
12,Using an expired coupon for merchandise,64,2
12,Using an expired coupon for merchandise,63,2
12,Using an expired coupon for merchandise,61,2
12,Using an expired coupon for merchandise,59,1
12,Using an expired coupon for merchandise,62,2
12,Using an expired coupon for merchandise,69,2
12,Using an expired coupon for merchandise,66,2
12,Using an expired coupon for merchandise,67,2
12,Using an expired coupon for merchandise,70,2
12,Using an expired coupon for merchandise,68,2
12,Using an expired coupon for merchandise,72,2
12,Using an expired coupon for merchandise,65,2
12,Using an expired coupon for merchandise,71,2
12,Using an expired coupon for merchandise,73,2
12,Using an expired coupon for merchandise,74,2
12,Using an expired coupon for merchandise,76,2
12,Using an expired coupon for merchandise,75,2
12,Using an expired coupon for merchandise,79,2
12,Using an expired coupon for merchandise,82,2
12,Using an expired coupon for merchandise,81,2
12,Using an expired coupon for merchandise,77,2
12,Using an expired coupon for merchandise,83,2
12,Using an expired coupon for merchandise,80,2
12,Using an expired coupon for merchandise,78,1
12,Using an expired coupon for merchandise,89,2
12,Using an expired coupon for merchandise,84,2
12,Using an expired coupon for merchandise,86,2
12,Using an expired coupon for merchandise,85,2
12,Using an expired coupon for merchandise,90,2
12,Using an expired coupon for merchandise,87,2
12,Using an expired coupon for merchandise,91,2
12,Using an expired coupon for merchandise,94,2
12,Using an expired coupon for merchandise,93,1
12,Using an expired coupon for merchandise,95,2
12,Using an expired coupon for merchandise,97,2
12,Using an expired coupon for merchandise,92,2
12,Using an expired coupon for merchandise,98,2
12,Using an expired coupon for merchandise,96,2
12,Using an expired coupon for merchandise,99,2
12,Using an expired coupon for merchandise,88,2
12,Using an expired coupon for merchandise,52,1
13,Returning merchandise to a store by claiming that it was a gift when it was not,0,1
13,Returning merchandise to a store by claiming that it was a gift when it was not,1,1
13,Returning merchandise to a store by claiming that it was a gift when it was not,3,1
13,Returning merchandise to a store by claiming that it was a gift when it was not,6,1
13,Returning merchandise to a store by claiming that it was a gift when it was not,2,1
13,Returning merchandise to a store by claiming that it was a gift when it was not,5,1
13,Returning merchandise to a store by claiming that it was a gift when it was not,7,1
13,Returning merchandise to a store by claiming that it was a gift when it was not,4,1
13,Returning merchandise to a store by claiming that it was a gift when it was not,9,1
13,Returning merchandise to a store by claiming that it was a gift when it was not,8,1
13,Returning merchandise to a store by claiming that it was a gift when it was not,12,1
13,Returning merchandise to a store by claiming that it was a gift when it was not,10,1
13,Returning merchandise to a store by claiming that it was a gift when it was not,13,1
13,Returning merchandise to a store by claiming that it was a gift when it was not,14,1
13,Returning merchandise to a store by claiming that it was a gift when it was not,16,1
13,Returning merchandise to a store by claiming that it was a gift when it was not,11,1
13,Returning merchandise to a store by claiming that it was a gift when it was not,15,1
13,Returning merchandise to a store by claiming that it was a gift when it was not,17,1
13,Returning merchandise to a store by claiming that it was a gift when it was not,18,1
13,Returning merchandise to a store by claiming that it was a gift when it was not,20,1
13,Returning merchandise to a store by claiming that it was a gift when it was not,19,1
13,Returning merchandise to a store by claiming that it was a gift when it was not,22,1
13,Returning merchandise to a store by claiming that it was a gift when it was not,24,1
13,Returning merchandise to a store by claiming that it was a gift when it was not,21,1
13,Returning merchandise to a store by claiming that it was a gift when it was not,23,1
13,Returning merchandise to a store by claiming that it was a gift when it was not,25,1
13,Returning merchandise to a store by claiming that it was a gift when it was not,26,1
13,Returning merchandise to a store by claiming that it was a gift when it was not,27,1
13,Returning merchandise to a store by claiming that it was a gift when it was not,28,1
13,Returning merchandise to a store by claiming that it was a gift when it was not,29,1
13,Returning merchandise to a store by claiming that it was a gift when it was not,30,1
13,Returning merchandise to a store by claiming that it was a gift when it was not,31,1
13,Returning merchandise to a store by claiming that it was a gift when it was not,32,1
13,Returning merchandise to a store by claiming that it was a gift when it was not,34,1
13,Returning merchandise to a store by claiming that it was a gift when it was not,35,1
13,Returning merchandise to a store by claiming that it was a gift when it was not,37,1
13,Returning merchandise to a store by claiming that it was a gift when it was not,39,1
13,Returning merchandise to a store by claiming that it was a gift when it was not,38,1
13,Returning merchandise to a store by claiming that it was a gift when it was not,33,1
13,Returning merchandise to a store by claiming that it was a gift when it was not,41,1
13,Returning merchandise to a store by claiming that it was a gift when it was not,42,1
13,Returning merchandise to a store by claiming that it was a gift when it was not,44,1
13,Returning merchandise to a store by claiming that it was a gift when it was not,43,1
13,Returning merchandise to a store by claiming that it was a gift when it was not,40,1
13,Returning merchandise to a store by claiming that it was a gift when it was not,45,1
13,Returning merchandise to a store by claiming that it was a gift when it was not,48,1
13,Returning merchandise to a store by claiming that it was a gift when it was not,47,1
13,Returning merchandise to a store by claiming that it was a gift when it was not,46,1
13,Returning merchandise to a store by claiming that it was a gift when it was not,49,1
13,Returning merchandise to a store by claiming that it was a gift when it was not,50,1
13,Returning merchandise to a store by claiming that it was a gift when it was not,53,1
13,Returning merchandise to a store by claiming that it was a gift when it was not,52,1
13,Returning merchandise to a store by claiming that it was a gift when it was not,54,1
13,Returning merchandise to a store by claiming that it was a gift when it was not,51,1
13,Returning merchandise to a store by claiming that it was a gift when it was not,58,1
13,Returning merchandise to a store by claiming that it was a gift when it was not,57,1
13,Returning merchandise to a store by claiming that it was a gift when it was not,56,1
13,Returning merchandise to a store by claiming that it was a gift when it was not,55,1
13,Returning merchandise to a store by claiming that it was a gift when it was not,36,1
13,Returning merchandise to a store by claiming that it was a gift when it was not,59,1
13,Returning merchandise to a store by claiming that it was a gift when it was not,60,1
13,Returning merchandise to a store by claiming that it was a gift when it was not,61,1
13,Returning merchandise to a store by claiming that it was a gift when it was not,64,1
13,Returning merchandise to a store by claiming that it was a gift when it was not,63,1
13,Returning merchandise to a store by claiming that it was a gift when it was not,62,1
13,Returning merchandise to a store by claiming that it was a gift when it was not,65,1
13,Returning merchandise to a store by claiming that it was a gift when it was not,66,1
13,Returning merchandise to a store by claiming that it was a gift when it was not,67,1
13,Returning merchandise to a store by claiming that it was a gift when it was not,68,1
13,Returning merchandise to a store by claiming that it was a gift when it was not,70,1
13,Returning merchandise to a store by claiming that it was a gift when it was not,75,1
13,Returning merchandise to a store by claiming that it was a gift when it was not,73,1
13,Returning merchandise to a store by claiming that it was a gift when it was not,71,1
13,Returning merchandise to a store by claiming that it was a gift when it was not,74,1
13,Returning merchandise to a store by claiming that it was a gift when it was not,72,1
13,Returning merchandise to a store by claiming that it was a gift when it was not,76,1
13,Returning merchandise to a store by claiming that it was a gift when it was not,77,1
13,Returning merchandise to a store by claiming that it was a gift when it was not,78,1
13,Returning merchandise to a store by claiming that it was a gift when it was not,79,1
13,Returning merchandise to a store by claiming that it was a gift when it was not,80,1
13,Returning merchandise to a store by claiming that it was a gift when it was not,82,1
13,Returning merchandise to a store by claiming that it was a gift when it was not,81,1
13,Returning merchandise to a store by claiming that it was a gift when it was not,85,1
13,Returning merchandise to a store by claiming that it was a gift when it was not,86,1
13,Returning merchandise to a store by claiming that it was a gift when it was not,87,1
13,Returning merchandise to a store by claiming that it was a gift when it was not,83,1
13,Returning merchandise to a store by claiming that it was a gift when it was not,90,1
13,Returning merchandise to a store by claiming that it was a gift when it was not,84,1
13,Returning merchandise to a store by claiming that it was a gift when it was not,89,1
13,Returning merchandise to a store by claiming that it was a gift when it was not,88,1
13,Returning merchandise to a store by claiming that it was a gift when it was not,94,1
13,Returning merchandise to a store by claiming that it was a gift when it was not,91,1
13,Returning merchandise to a store by claiming that it was a gift when it was not,92,1
13,Returning merchandise to a store by claiming that it was a gift when it was not,95,1
13,Returning merchandise to a store by claiming that it was a gift when it was not,93,1
13,Returning merchandise to a store by claiming that it was a gift when it was not,98,1
13,Returning merchandise to a store by claiming that it was a gift when it was not,96,1
13,Returning merchandise to a store by claiming that it was a gift when it was not,99,1
13,Returning merchandise to a store by claiming that it was a gift when it was not,97,1
13,Returning merchandise to a store by claiming that it was a gift when it was not,69,1
14,Using a coupon for merchandise you did not buy,1,1
14,Using a coupon for merchandise you did not buy,0,1
14,Using a coupon for merchandise you did not buy,3,1
14,Using a coupon for merchandise you did not buy,4,1
14,Using a coupon for merchandise you did not buy,2,1
14,Using a coupon for merchandise you did not buy,5,1
14,Using a coupon for merchandise you did not buy,7,1
14,Using a coupon for merchandise you did not buy,6,1
14,Using a coupon for merchandise you did not buy,10,1
14,Using a coupon for merchandise you did not buy,9,1
14,Using a coupon for merchandise you did not buy,11,1
14,Using a coupon for merchandise you did not buy,12,1
14,Using a coupon for merchandise you did not buy,13,1
14,Using a coupon for merchandise you did not buy,15,1
14,Using a coupon for merchandise you did not buy,16,1
14,Using a coupon for merchandise you did not buy,17,1
14,Using a coupon for merchandise you did not buy,19,1
14,Using a coupon for merchandise you did not buy,20,1
14,Using a coupon for merchandise you did not buy,18,1
14,Using a coupon for merchandise you did not buy,8,1
14,Using a coupon for merchandise you did not buy,21,1
14,Using a coupon for merchandise you did not buy,22,1
14,Using a coupon for merchandise you did not buy,25,1
14,Using a coupon for merchandise you did not buy,26,1
14,Using a coupon for merchandise you did not buy,23,1
14,Using a coupon for merchandise you did not buy,27,1
14,Using a coupon for merchandise you did not buy,28,1
14,Using a coupon for merchandise you did not buy,24,1
14,Using a coupon for merchandise you did not buy,30,1
14,Using a coupon for merchandise you did not buy,29,1
14,Using a coupon for merchandise you did not buy,31,1
14,Using a coupon for merchandise you did not buy,32,1
14,Using a coupon for merchandise you did not buy,33,1
14,Using a coupon for merchandise you did not buy,34,1
14,Using a coupon for merchandise you did not buy,36,1
14,Using a coupon for merchandise you did not buy,37,1
14,Using a coupon for merchandise you did not buy,38,1
14,Using a coupon for merchandise you did not buy,39,1
14,Using a coupon for merchandise you did not buy,35,1
14,Using a coupon for merchandise you did not buy,40,1
14,Using a coupon for merchandise you did not buy,41,1
14,Using a coupon for merchandise you did not buy,43,1
14,Using a coupon for merchandise you did not buy,44,1
14,Using a coupon for merchandise you did not buy,45,1
14,Using a coupon for merchandise you did not buy,47,1
14,Using a coupon for merchandise you did not buy,48,1
14,Using a coupon for merchandise you did not buy,46,1
14,Using a coupon for merchandise you did not buy,49,1
14,Using a coupon for merchandise you did not buy,50,1
14,Using a coupon for merchandise you did not buy,51,1
14,Using a coupon for merchandise you did not buy,14,1
14,Using a coupon for merchandise you did not buy,52,1
14,Using a coupon for merchandise you did not buy,53,1
14,Using a coupon for merchandise you did not buy,58,1
14,Using a coupon for merchandise you did not buy,60,1
14,Using a coupon for merchandise you did not buy,57,1
14,Using a coupon for merchandise you did not buy,55,1
14,Using a coupon for merchandise you did not buy,54,1
14,Using a coupon for merchandise you did not buy,63,1
14,Using a coupon for merchandise you did not buy,59,1
14,Using a coupon for merchandise you did not buy,66,1
14,Using a coupon for merchandise you did not buy,56,1
14,Using a coupon for merchandise you did not buy,65,1
14,Using a coupon for merchandise you did not buy,64,1
14,Using a coupon for merchandise you did not buy,67,1
14,Using a coupon for merchandise you did not buy,61,1
14,Using a coupon for merchandise you did not buy,62,1
14,Using a coupon for merchandise you did not buy,73,1
14,Using a coupon for merchandise you did not buy,69,1
14,Using a coupon for merchandise you did not buy,72,1
14,Using a coupon for merchandise you did not buy,74,1
14,Using a coupon for merchandise you did not buy,68,1
14,Using a coupon for merchandise you did not buy,71,1
14,Using a coupon for merchandise you did not buy,77,1
14,Using a coupon for merchandise you did not buy,76,1
14,Using a coupon for merchandise you did not buy,70,1
14,Using a coupon for merchandise you did not buy,78,1
14,Using a coupon for merchandise you did not buy,79,1
14,Using a coupon for merchandise you did not buy,80,1
14,Using a coupon for merchandise you did not buy,75,1
14,Using a coupon for merchandise you did not buy,84,1
14,Using a coupon for merchandise you did not buy,85,1
14,Using a coupon for merchandise you did not buy,83,1
14,Using a coupon for merchandise you did not buy,87,1
14,Using a coupon for merchandise you did not buy,86,1
14,Using a coupon for merchandise you did not buy,81,1
14,Using a coupon for merchandise you did not buy,88,1
14,Using a coupon for merchandise you did not buy,82,1
14,Using a coupon for merchandise you did not buy,90,1
14,Using a coupon for merchandise you did not buy,92,1
14,Using a coupon for merchandise you did not buy,91,1
14,Using a coupon for merchandise you did not buy,93,1
14,Using a coupon for merchandise you did not buy,94,1
14,Using a coupon for merchandise you did not buy,95,1
14,Using a coupon for merchandise you did not buy,89,1
14,Using a coupon for merchandise you did not buy,97,1
14,Using a coupon for merchandise you did not buy,96,1
14,Using a coupon for merchandise you did not buy,99,1
14,Using a coupon for merchandise you did not buy,98,1
14,Using a coupon for merchandise you did not buy,42,1
15,Not telling the truth when negotiating the price of a new automobile,0,2
15,Not telling the truth when negotiating the price of a new automobile,1,2
15,Not telling the truth when negotiating the price of a new automobile,2,2
15,Not telling the truth when negotiating the price of a new automobile,3,2
15,Not telling the truth when negotiating the price of a new automobile,4,2
15,Not telling the truth when negotiating the price of a new automobile,6,2
15,Not telling the truth when negotiating the price of a new automobile,5,3
15,Not telling the truth when negotiating the price of a new automobile,7,2
15,Not telling the truth when negotiating the price of a new automobile,12,2
15,Not telling the truth when negotiating the price of a new automobile,8,3
15,Not telling the truth when negotiating the price of a new automobile,13,2
15,Not telling the truth when negotiating the price of a new automobile,10,3
15,Not telling the truth when negotiating the price of a new automobile,9,3
15,Not telling the truth when negotiating the price of a new automobile,14,2
15,Not telling the truth when negotiating the price of a new automobile,15,3
15,Not telling the truth when negotiating the price of a new automobile,20,3
15,Not telling the truth when negotiating the price of a new automobile,23,3
15,Not telling the truth when negotiating the price of a new automobile,17,3
15,Not telling the truth when negotiating the price of a new automobile,19,3
15,Not telling the truth when negotiating the price of a new automobile,22,2
15,Not telling the truth when negotiating the price of a new automobile,18,3
15,Not telling the truth when negotiating the price of a new automobile,24,2
15,Not telling the truth when negotiating the price of a new automobile,25,3
15,Not telling the truth when negotiating the price of a new automobile,27,3
15,Not telling the truth when negotiating the price of a new automobile,29,3
15,Not telling the truth when negotiating the price of a new automobile,26,2
15,Not telling the truth when negotiating the price of a new automobile,28,3
15,Not telling the truth when negotiating the price of a new automobile,31,2
15,Not telling the truth when negotiating the price of a new automobile,30,3
15,Not telling the truth when negotiating the price of a new automobile,32,2
15,Not telling the truth when negotiating the price of a new automobile,33,2
15,Not telling the truth when negotiating the price of a new automobile,35,3
15,Not telling the truth when negotiating the price of a new automobile,34,2
15,Not telling the truth when negotiating the price of a new automobile,36,3
15,Not telling the truth when negotiating the price of a new automobile,37,2
15,Not telling the truth when negotiating the price of a new automobile,38,3
15,Not telling the truth when negotiating the price of a new automobile,39,3
15,Not telling the truth when negotiating the price of a new automobile,40,3
15,Not telling the truth when negotiating the price of a new automobile,41,3
15,Not telling the truth when negotiating the price of a new automobile,43,2
15,Not telling the truth when negotiating the price of a new automobile,46,2
15,Not telling the truth when negotiating the price of a new automobile,47,2
15,Not telling the truth when negotiating the price of a new automobile,42,2
15,Not telling the truth when negotiating the price of a new automobile,44,2
15,Not telling the truth when negotiating the price of a new automobile,45,2
15,Not telling the truth when negotiating the price of a new automobile,50,2
15,Not telling the truth when negotiating the price of a new automobile,21,2
15,Not telling the truth when negotiating the price of a new automobile,49,2
15,Not telling the truth when negotiating the price of a new automobile,52,2
15,Not telling the truth when negotiating the price of a new automobile,53,2
15,Not telling the truth when negotiating the price of a new automobile,51,2
15,Not telling the truth when negotiating the price of a new automobile,54,3
15,Not telling the truth when negotiating the price of a new automobile,48,2
15,Not telling the truth when negotiating the price of a new automobile,55,2
15,Not telling the truth when negotiating the price of a new automobile,60,3
15,Not telling the truth when negotiating the price of a new automobile,58,2
15,Not telling the truth when negotiating the price of a new automobile,56,3
15,Not telling the truth when negotiating the price of a new automobile,57,3
15,Not telling the truth when negotiating the price of a new automobile,61,3
15,Not telling the truth when negotiating the price of a new automobile,62,2
15,Not telling the truth when negotiating the price of a new automobile,59,3
15,Not telling the truth when negotiating the price of a new automobile,63,2
15,Not telling the truth when negotiating the price of a new automobile,64,2
15,Not telling the truth when negotiating the price of a new automobile,67,3
15,Not telling the truth when negotiating the price of a new automobile,65,2
15,Not telling the truth when negotiating the price of a new automobile,68,2
15,Not telling the truth when negotiating the price of a new automobile,69,3
15,Not telling the truth when negotiating the price of a new automobile,74,2
15,Not telling the truth when negotiating the price of a new automobile,71,3
15,Not telling the truth when negotiating the price of a new automobile,70,2
15,Not telling the truth when negotiating the price of a new automobile,75,3
15,Not telling the truth when negotiating the price of a new automobile,72,3
15,Not telling the truth when negotiating the price of a new automobile,73,2
15,Not telling the truth when negotiating the price of a new automobile,11,2
15,Not telling the truth when negotiating the price of a new automobile,66,2
15,Not telling the truth when negotiating the price of a new automobile,76,2
15,Not telling the truth when negotiating the price of a new automobile,78,2
15,Not telling the truth when negotiating the price of a new automobile,77,2
15,Not telling the truth when negotiating the price of a new automobile,79,2
15,Not telling the truth when negotiating the price of a new automobile,81,2
15,Not telling the truth when negotiating the price of a new automobile,80,3
15,Not telling the truth when negotiating the price of a new automobile,82,2
15,Not telling the truth when negotiating the price of a new automobile,84,2
15,Not telling the truth when negotiating the price of a new automobile,83,3
15,Not telling the truth when negotiating the price of a new automobile,86,2
15,Not telling the truth when negotiating the price of a new automobile,85,2
15,Not telling the truth when negotiating the price of a new automobile,90,2
15,Not telling the truth when negotiating the price of a new automobile,89,3
15,Not telling the truth when negotiating the price of a new automobile,87,2
15,Not telling the truth when negotiating the price of a new automobile,88,2
15,Not telling the truth when negotiating the price of a new automobile,16,2
15,Not telling the truth when negotiating the price of a new automobile,93,2
15,Not telling the truth when negotiating the price of a new automobile,94,2
15,Not telling the truth when negotiating the price of a new automobile,91,2
15,Not telling the truth when negotiating the price of a new automobile,98,2
15,Not telling the truth when negotiating the price of a new automobile,95,3
15,Not telling the truth when negotiating the price of a new automobile,97,2
15,Not telling the truth when negotiating the price of a new automobile,99,2
15,Not telling the truth when negotiating the price of a new automobile,92,3
15,Not telling the truth when negotiating the price of a new automobile,96,3
16,Stretching the truth on an income tax return,0,1
16,Stretching the truth on an income tax return,1,1
16,Stretching the truth on an income tax return,4,1
16,Stretching the truth on an income tax return,2,1
16,Stretching the truth on an income tax return,5,1
16,Stretching the truth on an income tax return,6,1
16,Stretching the truth on an income tax return,9,1
16,Stretching the truth on an income tax return,8,1
16,Stretching the truth on an income tax return,3,1
16,Stretching the truth on an income tax return,7,1
16,Stretching the truth on an income tax return,11,1
16,Stretching the truth on an income tax return,10,1
16,Stretching the truth on an income tax return,13,1
16,Stretching the truth on an income tax return,15,1
16,Stretching the truth on an income tax return,18,1
16,Stretching the truth on an income tax return,14,1
16,Stretching the truth on an income tax return,16,1
16,Stretching the truth on an income tax return,12,1
16,Stretching the truth on an income tax return,19,1
16,Stretching the truth on an income tax return,20,1
16,Stretching the truth on an income tax return,17,1
16,Stretching the truth on an income tax return,24,1
16,Stretching the truth on an income tax return,22,1
16,Stretching the truth on an income tax return,23,1
16,Stretching the truth on an income tax return,26,1
16,Stretching the truth on an income tax return,21,1
16,Stretching the truth on an income tax return,30,1
16,Stretching the truth on an income tax return,25,1
16,Stretching the truth on an income tax return,27,1
16,Stretching the truth on an income tax return,29,1
16,Stretching the truth on an income tax return,28,1
16,Stretching the truth on an income tax return,35,1
16,Stretching the truth on an income tax return,31,1
16,Stretching the truth on an income tax return,34,1
16,Stretching the truth on an income tax return,32,1
16,Stretching the truth on an income tax return,33,1
16,Stretching the truth on an income tax return,36,1
16,Stretching the truth on an income tax return,39,1
16,Stretching the truth on an income tax return,37,1
16,Stretching the truth on an income tax return,40,1
16,Stretching the truth on an income tax return,38,1
16,Stretching the truth on an income tax return,42,1
16,Stretching the truth on an income tax return,45,1
16,Stretching the truth on an income tax return,47,1
16,Stretching the truth on an income tax return,41,1
16,Stretching the truth on an income tax return,46,1
16,Stretching the truth on an income tax return,44,1
16,Stretching the truth on an income tax return,48,1
16,Stretching the truth on an income tax return,43,1
16,Stretching the truth on an income tax return,49,1
16,Stretching the truth on an income tax return,50,1
16,Stretching the truth on an income tax return,51,1
16,Stretching the truth on an income tax return,54,1
16,Stretching the truth on an income tax return,52,1
16,Stretching the truth on an income tax return,53,1
16,Stretching the truth on an income tax return,57,1
16,Stretching the truth on an income tax return,56,1
16,Stretching the truth on an income tax return,55,1
16,Stretching the truth on an income tax return,59,1
16,Stretching the truth on an income tax return,58,1
16,Stretching the truth on an income tax return,61,1
16,Stretching the truth on an income tax return,62,1
16,Stretching the truth on an income tax return,63,1
16,Stretching the truth on an income tax return,60,1
16,Stretching the truth on an income tax return,64,1
16,Stretching the truth on an income tax return,65,1
16,Stretching the truth on an income tax return,69,1
16,Stretching the truth on an income tax return,68,1
16,Stretching the truth on an income tax return,66,1
16,Stretching the truth on an income tax return,67,1
16,Stretching the truth on an income tax return,75,2
16,Stretching the truth on an income tax return,74,1
16,Stretching the truth on an income tax return,70,1
16,Stretching the truth on an income tax return,71,1
16,Stretching the truth on an income tax return,72,1
16,Stretching the truth on an income tax return,78,1
16,Stretching the truth on an income tax return,77,1
16,Stretching the truth on an income tax return,79,1
16,Stretching the truth on an income tax return,73,1
16,Stretching the truth on an income tax return,80,1
16,Stretching the truth on an income tax return,82,1
16,Stretching the truth on an income tax return,81,1
16,Stretching the truth on an income tax return,85,1
16,Stretching the truth on an income tax return,86,1
16,Stretching the truth on an income tax return,88,1
16,Stretching the truth on an income tax return,83,1
16,Stretching the truth on an income tax return,87,1
16,Stretching the truth on an income tax return,84,1
16,Stretching the truth on an income tax return,76,1
16,Stretching the truth on an income tax return,89,1
16,Stretching the truth on an income tax return,90,1
16,Stretching the truth on an income tax return,91,1
16,Stretching the truth on an income tax return,95,1
16,Stretching the truth on an income tax return,96,1
16,Stretching the truth on an income tax return,97,1
16,Stretching the truth on an income tax return,93,1
16,Stretching the truth on an income tax return,98,1
16,Stretching the truth on an income tax return,99,1
16,Stretching the truth on an income tax return,94,1
16,Stretching the truth on an income tax return,92,1
17,Installing software on your computer without buying it ,1,1
17,Installing software on your computer without buying it ,0,1
17,Installing software on your computer without buying it ,2,1
17,Installing software on your computer without buying it ,3,1
17,Installing software on your computer without buying it ,6,1
17,Installing software on your computer without buying it ,5,1
17,Installing software on your computer without buying it ,10,1
17,Installing software on your computer without buying it ,4,1
17,Installing software on your computer without buying it ,7,1
17,Installing software on your computer without buying it ,8,1
17,Installing software on your computer without buying it ,9,1
17,Installing software on your computer without buying it ,11,1
17,Installing software on your computer without buying it ,12,1
17,Installing software on your computer without buying it ,16,1
17,Installing software on your computer without buying it ,14,1
17,Installing software on your computer without buying it ,15,1
17,Installing software on your computer without buying it ,19,1
17,Installing software on your computer without buying it ,21,1
17,Installing software on your computer without buying it ,18,1
17,Installing software on your computer without buying it ,17,1
17,Installing software on your computer without buying it ,22,1
17,Installing software on your computer without buying it ,20,1
17,Installing software on your computer without buying it ,13,1
17,Installing software on your computer without buying it ,27,1
17,Installing software on your computer without buying it ,23,1
17,Installing software on your computer without buying it ,24,1
17,Installing software on your computer without buying it ,29,1
17,Installing software on your computer without buying it ,28,1
17,Installing software on your computer without buying it ,30,1
17,Installing software on your computer without buying it ,34,1
17,Installing software on your computer without buying it ,32,1
17,Installing software on your computer without buying it ,25,1
17,Installing software on your computer without buying it ,33,1
17,Installing software on your computer without buying it ,35,1
17,Installing software on your computer without buying it ,31,1
17,Installing software on your computer without buying it ,38,1
17,Installing software on your computer without buying it ,26,1
17,Installing software on your computer without buying it ,37,1
17,Installing software on your computer without buying it ,39,1
17,Installing software on your computer without buying it ,40,1
17,Installing software on your computer without buying it ,42,1
17,Installing software on your computer without buying it ,36,1
17,Installing software on your computer without buying it ,41,1
17,Installing software on your computer without buying it ,44,1
17,Installing software on your computer without buying it ,43,1
17,Installing software on your computer without buying it ,45,1
17,Installing software on your computer without buying it ,46,1
17,Installing software on your computer without buying it ,47,1
17,Installing software on your computer without buying it ,52,1
17,Installing software on your computer without buying it ,50,1
17,Installing software on your computer without buying it ,51,1
17,Installing software on your computer without buying it ,48,1
17,Installing software on your computer without buying it ,54,1
17,Installing software on your computer without buying it ,49,1
17,Installing software on your computer without buying it ,55,1
17,Installing software on your computer without buying it ,53,1
17,Installing software on your computer without buying it ,58,1
17,Installing software on your computer without buying it ,59,1
17,Installing software on your computer without buying it ,57,1
17,Installing software on your computer without buying it ,60,1
17,Installing software on your computer without buying it ,63,1
17,Installing software on your computer without buying it ,62,1
17,Installing software on your computer without buying it ,61,1
17,Installing software on your computer without buying it ,67,1
17,Installing software on your computer without buying it ,65,1
17,Installing software on your computer without buying it ,66,1
17,Installing software on your computer without buying it ,64,1
17,Installing software on your computer without buying it ,68,1
17,Installing software on your computer without buying it ,69,1
17,Installing software on your computer without buying it ,72,1
17,Installing software on your computer without buying it ,71,1
17,Installing software on your computer without buying it ,70,1
17,Installing software on your computer without buying it ,73,1
17,Installing software on your computer without buying it ,78,1
17,Installing software on your computer without buying it ,76,1
17,Installing software on your computer without buying it ,56,1
17,Installing software on your computer without buying it ,77,1
17,Installing software on your computer without buying it ,74,1
17,Installing software on your computer without buying it ,81,1
17,Installing software on your computer without buying it ,79,1
17,Installing software on your computer without buying it ,80,1
17,Installing software on your computer without buying it ,82,1
17,Installing software on your computer without buying it ,83,1
17,Installing software on your computer without buying it ,84,1
17,Installing software on your computer without buying it ,87,1
17,Installing software on your computer without buying it ,88,1
17,Installing software on your computer without buying it ,86,1
17,Installing software on your computer without buying it ,89,1
17,Installing software on your computer without buying it ,85,1
17,Installing software on your computer without buying it ,90,1
17,Installing software on your computer without buying it ,75,1
17,Installing software on your computer without buying it ,92,1
17,Installing software on your computer without buying it ,91,1
17,Installing software on your computer without buying it ,97,1
17,Installing software on your computer without buying it ,95,1
17,Installing software on your computer without buying it ,96,1
17,Installing software on your computer without buying it ,94,1
17,Installing software on your computer without buying it ,99,1
17,Installing software on your computer without buying it ,98,1
17,Installing software on your computer without buying it ,93,1
18,"""Burning"" a CD rather than buying it",0,3
18,"""Burning"" a CD rather than buying it",2,3
18,"""Burning"" a CD rather than buying it",1,2
18,"""Burning"" a CD rather than buying it",6,3
18,"""Burning"" a CD rather than buying it",3,3
18,"""Burning"" a CD rather than buying it",9,3
18,"""Burning"" a CD rather than buying it",7,3
18,"""Burning"" a CD rather than buying it",8,3
18,"""Burning"" a CD rather than buying it",11,3
18,"""Burning"" a CD rather than buying it",10,2
18,"""Burning"" a CD rather than buying it",12,2
18,"""Burning"" a CD rather than buying it",4,3
18,"""Burning"" a CD rather than buying it",5,3
18,"""Burning"" a CD rather than buying it",14,3
18,"""Burning"" a CD rather than buying it",15,2
18,"""Burning"" a CD rather than buying it",20,3
18,"""Burning"" a CD rather than buying it",21,3
18,"""Burning"" a CD rather than buying it",13,3
18,"""Burning"" a CD rather than buying it",18,2
18,"""Burning"" a CD rather than buying it",17,2
18,"""Burning"" a CD rather than buying it",19,2
18,"""Burning"" a CD rather than buying it",16,4
18,"""Burning"" a CD rather than buying it",22,3
18,"""Burning"" a CD rather than buying it",23,3
18,"""Burning"" a CD rather than buying it",26,2
18,"""Burning"" a CD rather than buying it",29,3
18,"""Burning"" a CD rather than buying it",30,3
18,"""Burning"" a CD rather than buying it",27,3
18,"""Burning"" a CD rather than buying it",24,3
18,"""Burning"" a CD rather than buying it",31,3
18,"""Burning"" a CD rather than buying it",33,2
18,"""Burning"" a CD rather than buying it",32,2
18,"""Burning"" a CD rather than buying it",36,2
18,"""Burning"" a CD rather than buying it",28,2
18,"""Burning"" a CD rather than buying it",38,2
18,"""Burning"" a CD rather than buying it",39,3
18,"""Burning"" a CD rather than buying it",37,2
18,"""Burning"" a CD rather than buying it",40,3
18,"""Burning"" a CD rather than buying it",41,3
18,"""Burning"" a CD rather than buying it",43,2
18,"""Burning"" a CD rather than buying it",42,3
18,"""Burning"" a CD rather than buying it",25,2
18,"""Burning"" a CD rather than buying it",35,3
18,"""Burning"" a CD rather than buying it",34,2
18,"""Burning"" a CD rather than buying it",44,3
18,"""Burning"" a CD rather than buying it",46,4
18,"""Burning"" a CD rather than buying it",45,4
18,"""Burning"" a CD rather than buying it",47,3
18,"""Burning"" a CD rather than buying it",48,3
18,"""Burning"" a CD rather than buying it",52,3
18,"""Burning"" a CD rather than buying it",51,3
18,"""Burning"" a CD rather than buying it",54,3
18,"""Burning"" a CD rather than buying it",53,3
18,"""Burning"" a CD rather than buying it",56,2
18,"""Burning"" a CD rather than buying it",55,3
18,"""Burning"" a CD rather than buying it",50,2
18,"""Burning"" a CD rather than buying it",58,3
18,"""Burning"" a CD rather than buying it",60,3
18,"""Burning"" a CD rather than buying it",59,2
18,"""Burning"" a CD rather than buying it",61,3
18,"""Burning"" a CD rather than buying it",49,2
18,"""Burning"" a CD rather than buying it",65,2
18,"""Burning"" a CD rather than buying it",62,2
18,"""Burning"" a CD rather than buying it",66,2
18,"""Burning"" a CD rather than buying it",64,2
18,"""Burning"" a CD rather than buying it",67,3
18,"""Burning"" a CD rather than buying it",69,2
18,"""Burning"" a CD rather than buying it",63,2
18,"""Burning"" a CD rather than buying it",68,3
18,"""Burning"" a CD rather than buying it",70,3
18,"""Burning"" a CD rather than buying it",76,3
18,"""Burning"" a CD rather than buying it",75,2
18,"""Burning"" a CD rather than buying it",71,3
18,"""Burning"" a CD rather than buying it",72,3
18,"""Burning"" a CD rather than buying it",74,3
18,"""Burning"" a CD rather than buying it",73,3
18,"""Burning"" a CD rather than buying it",79,2
18,"""Burning"" a CD rather than buying it",81,3
18,"""Burning"" a CD rather than buying it",83,3
18,"""Burning"" a CD rather than buying it",82,3
18,"""Burning"" a CD rather than buying it",80,2
18,"""Burning"" a CD rather than buying it",84,3
18,"""Burning"" a CD rather than buying it",85,3
18,"""Burning"" a CD rather than buying it",87,2
18,"""Burning"" a CD rather than buying it",57,3
18,"""Burning"" a CD rather than buying it",86,3
18,"""Burning"" a CD rather than buying it",88,3
18,"""Burning"" a CD rather than buying it",89,3
18,"""Burning"" a CD rather than buying it",90,3
18,"""Burning"" a CD rather than buying it",91,3
18,"""Burning"" a CD rather than buying it",92,2
18,"""Burning"" a CD rather than buying it",94,3
18,"""Burning"" a CD rather than buying it",96,2
18,"""Burning"" a CD rather than buying it",95,2
18,"""Burning"" a CD rather than buying it",99,2
18,"""Burning"" a CD rather than buying it",98,2
18,"""Burning"" a CD rather than buying it",97,3
18,"""Burning"" a CD rather than buying it",78,3
18,"""Burning"" a CD rather than buying it",93,2
18,"""Burning"" a CD rather than buying it",77,3
19,Returning merchandise after buying it and not liking it,0,4
19,Returning merchandise after buying it and not liking it,3,4
19,Returning merchandise after buying it and not liking it,2,4
19,Returning merchandise after buying it and not liking it,1,4
19,Returning merchandise after buying it and not liking it,4,4
19,Returning merchandise after buying it and not liking it,5,4
19,Returning merchandise after buying it and not liking it,6,4
19,Returning merchandise after buying it and not liking it,7,4
19,Returning merchandise after buying it and not liking it,9,4
19,Returning merchandise after buying it and not liking it,8,4
19,Returning merchandise after buying it and not liking it,11,5
19,Returning merchandise after buying it and not liking it,12,4
19,Returning merchandise after buying it and not liking it,13,4
19,Returning merchandise after buying it and not liking it,14,4
19,Returning merchandise after buying it and not liking it,17,4
19,Returning merchandise after buying it and not liking it,10,3
19,Returning merchandise after buying it and not liking it,21,4
19,Returning merchandise after buying it and not liking it,15,4
19,Returning merchandise after buying it and not liking it,16,4
19,Returning merchandise after buying it and not liking it,20,4
19,Returning merchandise after buying it and not liking it,18,4
19,Returning merchandise after buying it and not liking it,19,4
19,Returning merchandise after buying it and not liking it,23,4
19,Returning merchandise after buying it and not liking it,28,4
19,Returning merchandise after buying it and not liking it,22,4
19,Returning merchandise after buying it and not liking it,29,4
19,Returning merchandise after buying it and not liking it,25,4
19,Returning merchandise after buying it and not liking it,26,4
19,Returning merchandise after buying it and not liking it,24,4
19,Returning merchandise after buying it and not liking it,27,4
19,Returning merchandise after buying it and not liking it,35,5
19,Returning merchandise after buying it and not liking it,31,4
19,Returning merchandise after buying it and not liking it,37,4
19,Returning merchandise after buying it and not liking it,32,5
19,Returning merchandise after buying it and not liking it,36,4
19,Returning merchandise after buying it and not liking it,38,4
19,Returning merchandise after buying it and not liking it,30,4
19,Returning merchandise after buying it and not liking it,39,5
19,Returning merchandise after buying it and not liking it,40,4
19,Returning merchandise after buying it and not liking it,34,4
19,Returning merchandise after buying it and not liking it,41,5
19,Returning merchandise after buying it and not liking it,33,4
19,Returning merchandise after buying it and not liking it,42,4
19,Returning merchandise after buying it and not liking it,43,4
19,Returning merchandise after buying it and not liking it,44,4
19,Returning merchandise after buying it and not liking it,45,4
19,Returning merchandise after buying it and not liking it,48,4
19,Returning merchandise after buying it and not liking it,47,4
19,Returning merchandise after buying it and not liking it,52,4
19,Returning merchandise after buying it and not liking it,53,4
19,Returning merchandise after buying it and not liking it,51,4
19,Returning merchandise after buying it and not liking it,55,4
19,Returning merchandise after buying it and not liking it,54,4
19,Returning merchandise after buying it and not liking it,49,4
19,Returning merchandise after buying it and not liking it,57,4
19,Returning merchandise after buying it and not liking it,59,4
19,Returning merchandise after buying it and not liking it,60,4
19,Returning merchandise after buying it and not liking it,56,4
19,Returning merchandise after buying it and not liking it,62,4
19,Returning merchandise after buying it and not liking it,61,4
19,Returning merchandise after buying it and not liking it,58,4
19,Returning merchandise after buying it and not liking it,50,4
19,Returning merchandise after buying it and not liking it,64,4
19,Returning merchandise after buying it and not liking it,67,4
19,Returning merchandise after buying it and not liking it,65,4
19,Returning merchandise after buying it and not liking it,46,4
19,Returning merchandise after buying it and not liking it,66,4
19,Returning merchandise after buying it and not liking it,70,4
19,Returning merchandise after buying it and not liking it,63,4
19,Returning merchandise after buying it and not liking it,68,4
19,Returning merchandise after buying it and not liking it,71,4
19,Returning merchandise after buying it and not liking it,69,4
19,Returning merchandise after buying it and not liking it,73,4
19,Returning merchandise after buying it and not liking it,76,4
19,Returning merchandise after buying it and not liking it,74,4
19,Returning merchandise after buying it and not liking it,75,4
19,Returning merchandise after buying it and not liking it,78,5
19,Returning merchandise after buying it and not liking it,79,4
19,Returning merchandise after buying it and not liking it,81,4
19,Returning merchandise after buying it and not liking it,77,4
19,Returning merchandise after buying it and not liking it,72,4
19,Returning merchandise after buying it and not liking it,80,4
19,Returning merchandise after buying it and not liking it,83,4
19,Returning merchandise after buying it and not liking it,82,4
19,Returning merchandise after buying it and not liking it,84,4
19,Returning merchandise after buying it and not liking it,87,4
19,Returning merchandise after buying it and not liking it,86,4
19,Returning merchandise after buying it and not liking it,88,4
19,Returning merchandise after buying it and not liking it,89,4
19,Returning merchandise after buying it and not liking it,91,4
19,Returning merchandise after buying it and not liking it,92,4
19,Returning merchandise after buying it and not liking it,94,4
19,Returning merchandise after buying it and not liking it,95,4
19,Returning merchandise after buying it and not liking it,96,4
19,Returning merchandise after buying it and not liking it,85,5
19,Returning merchandise after buying it and not liking it,93,4
19,Returning merchandise after buying it and not liking it,98,4
19,Returning merchandise after buying it and not liking it,97,4
19,Returning merchandise after buying it and not liking it,99,5
19,Returning merchandise after buying it and not liking it,90,5
20,Taping a movie off the television,0,2
20,Taping a movie off the television,1,3
20,Taping a movie off the television,3,3
20,Taping a movie off the television,2,3
20,Taping a movie off the television,4,3
20,Taping a movie off the television,5,3
20,Taping a movie off the television,7,2
20,Taping a movie off the television,6,3
20,Taping a movie off the television,11,3
20,Taping a movie off the television,8,3
20,Taping a movie off the television,10,3
20,Taping a movie off the television,12,3
20,Taping a movie off the television,13,2
20,Taping a movie off the television,15,3
20,Taping a movie off the television,14,3
20,Taping a movie off the television,17,3
20,Taping a movie off the television,16,3
20,Taping a movie off the television,20,3
20,Taping a movie off the television,19,3
20,Taping a movie off the television,18,3
20,Taping a movie off the television,25,3
20,Taping a movie off the television,22,3
20,Taping a movie off the television,21,3
20,Taping a movie off the television,24,3
20,Taping a movie off the television,23,3
20,Taping a movie off the television,29,3
20,Taping a movie off the television,28,3
20,Taping a movie off the television,31,3
20,Taping a movie off the television,27,3
20,Taping a movie off the television,30,3
20,Taping a movie off the television,32,3
20,Taping a movie off the television,26,3
20,Taping a movie off the television,33,3
20,Taping a movie off the television,35,3
20,Taping a movie off the television,36,3
20,Taping a movie off the television,34,3
20,Taping a movie off the television,37,3
20,Taping a movie off the television,40,2
20,Taping a movie off the television,39,3
20,Taping a movie off the television,38,3
20,Taping a movie off the television,41,3
20,Taping a movie off the television,42,3
20,Taping a movie off the television,46,3
20,Taping a movie off the television,43,3
20,Taping a movie off the television,45,2
20,Taping a movie off the television,48,3
20,Taping a movie off the television,49,3
20,Taping a movie off the television,50,3
20,Taping a movie off the television,47,3
20,Taping a movie off the television,53,3
20,Taping a movie off the television,51,2
20,Taping a movie off the television,44,3
20,Taping a movie off the television,54,3
20,Taping a movie off the television,56,3
20,Taping a movie off the television,58,3
20,Taping a movie off the television,59,2
20,Taping a movie off the television,55,3
20,Taping a movie off the television,57,3
20,Taping a movie off the television,61,2
20,Taping a movie off the television,62,3
20,Taping a movie off the television,64,3
20,Taping a movie off the television,66,3
20,Taping a movie off the television,60,3
20,Taping a movie off the television,63,3
20,Taping a movie off the television,65,3
20,Taping a movie off the television,68,2
20,Taping a movie off the television,67,3
20,Taping a movie off the television,69,2
20,Taping a movie off the television,70,3
20,Taping a movie off the television,72,3
20,Taping a movie off the television,73,3
20,Taping a movie off the television,71,3
20,Taping a movie off the television,75,3
20,Taping a movie off the television,76,2
20,Taping a movie off the television,77,2
20,Taping a movie off the television,78,3
20,Taping a movie off the television,74,3
20,Taping a movie off the television,79,2
20,Taping a movie off the television,9,3
20,Taping a movie off the television,80,3
20,Taping a movie off the television,84,3
20,Taping a movie off the television,81,2
20,Taping a movie off the television,82,3
20,Taping a movie off the television,86,3
20,Taping a movie off the television,83,3
20,Taping a movie off the television,89,3
20,Taping a movie off the television,85,3
20,Taping a movie off the television,88,3
20,Taping a movie off the television,87,3
20,Taping a movie off the television,92,3
20,Taping a movie off the television,90,3
20,Taping a movie off the television,96,3
20,Taping a movie off the television,93,3
20,Taping a movie off the television,94,2
20,Taping a movie off the television,91,3
20,Taping a movie off the television,97,3
20,Taping a movie off the television,98,3
20,Taping a movie off the television,95,2
20,Taping a movie off the television,99,3
20,Taping a movie off the television,52,3
21,Spending over and hour trying on clothing and not buying anything,1,3
21,Spending over and hour trying on clothing and not buying anything,4,3
21,Spending over and hour trying on clothing and not buying anything,6,2
21,Spending over and hour trying on clothing and not buying anything,5,3
21,Spending over and hour trying on clothing and not buying anything,3,2
21,Spending over and hour trying on clothing and not buying anything,2,2
21,Spending over and hour trying on clothing and not buying anything,7,3
21,Spending over and hour trying on clothing and not buying anything,0,2
21,Spending over and hour trying on clothing and not buying anything,12,2
21,Spending over and hour trying on clothing and not buying anything,9,3
21,Spending over and hour trying on clothing and not buying anything,11,2
21,Spending over and hour trying on clothing and not buying anything,13,3
21,Spending over and hour trying on clothing and not buying anything,14,2
21,Spending over and hour trying on clothing and not buying anything,10,3
21,Spending over and hour trying on clothing and not buying anything,17,2
21,Spending over and hour trying on clothing and not buying anything,18,2
21,Spending over and hour trying on clothing and not buying anything,19,2
21,Spending over and hour trying on clothing and not buying anything,16,2
21,Spending over and hour trying on clothing and not buying anything,15,2
21,Spending over and hour trying on clothing and not buying anything,20,3
21,Spending over and hour trying on clothing and not buying anything,21,3
21,Spending over and hour trying on clothing and not buying anything,22,3
21,Spending over and hour trying on clothing and not buying anything,23,3
21,Spending over and hour trying on clothing and not buying anything,24,3
21,Spending over and hour trying on clothing and not buying anything,30,2
21,Spending over and hour trying on clothing and not buying anything,29,2
21,Spending over and hour trying on clothing and not buying anything,27,3
21,Spending over and hour trying on clothing and not buying anything,26,3
21,Spending over and hour trying on clothing and not buying anything,31,3
21,Spending over and hour trying on clothing and not buying anything,28,2
21,Spending over and hour trying on clothing and not buying anything,25,3
21,Spending over and hour trying on clothing and not buying anything,32,3
21,Spending over and hour trying on clothing and not buying anything,33,3
21,Spending over and hour trying on clothing and not buying anything,39,3
21,Spending over and hour trying on clothing and not buying anything,34,3
21,Spending over and hour trying on clothing and not buying anything,37,3
21,Spending over and hour trying on clothing and not buying anything,35,2
21,Spending over and hour trying on clothing and not buying anything,36,3
21,Spending over and hour trying on clothing and not buying anything,40,2
21,Spending over and hour trying on clothing and not buying anything,45,3
21,Spending over and hour trying on clothing and not buying anything,8,2
21,Spending over and hour trying on clothing and not buying anything,42,3
21,Spending over and hour trying on clothing and not buying anything,44,2
21,Spending over and hour trying on clothing and not buying anything,43,3
21,Spending over and hour trying on clothing and not buying anything,48,3
21,Spending over and hour trying on clothing and not buying anything,46,3
21,Spending over and hour trying on clothing and not buying anything,47,3
21,Spending over and hour trying on clothing and not buying anything,41,3
21,Spending over and hour trying on clothing and not buying anything,55,3
21,Spending over and hour trying on clothing and not buying anything,54,2
21,Spending over and hour trying on clothing and not buying anything,53,3
21,Spending over and hour trying on clothing and not buying anything,52,3
21,Spending over and hour trying on clothing and not buying anything,50,3
21,Spending over and hour trying on clothing and not buying anything,56,2
21,Spending over and hour trying on clothing and not buying anything,51,3
21,Spending over and hour trying on clothing and not buying anything,49,3
21,Spending over and hour trying on clothing and not buying anything,57,3
21,Spending over and hour trying on clothing and not buying anything,58,3
21,Spending over and hour trying on clothing and not buying anything,60,2
21,Spending over and hour trying on clothing and not buying anything,61,3
21,Spending over and hour trying on clothing and not buying anything,63,2
21,Spending over and hour trying on clothing and not buying anything,64,2
21,Spending over and hour trying on clothing and not buying anything,62,3
21,Spending over and hour trying on clothing and not buying anything,67,3
21,Spending over and hour trying on clothing and not buying anything,59,3
21,Spending over and hour trying on clothing and not buying anything,66,2
21,Spending over and hour trying on clothing and not buying anything,69,3
21,Spending over and hour trying on clothing and not buying anything,70,3
21,Spending over and hour trying on clothing and not buying anything,68,3
21,Spending over and hour trying on clothing and not buying anything,71,3
21,Spending over and hour trying on clothing and not buying anything,72,3
21,Spending over and hour trying on clothing and not buying anything,65,3
21,Spending over and hour trying on clothing and not buying anything,38,3
21,Spending over and hour trying on clothing and not buying anything,73,2
21,Spending over and hour trying on clothing and not buying anything,75,2
21,Spending over and hour trying on clothing and not buying anything,77,3
21,Spending over and hour trying on clothing and not buying anything,78,3
21,Spending over and hour trying on clothing and not buying anything,74,2
21,Spending over and hour trying on clothing and not buying anything,76,2
21,Spending over and hour trying on clothing and not buying anything,79,2
21,Spending over and hour trying on clothing and not buying anything,82,2
21,Spending over and hour trying on clothing and not buying anything,81,3
21,Spending over and hour trying on clothing and not buying anything,83,3
21,Spending over and hour trying on clothing and not buying anything,86,2
21,Spending over and hour trying on clothing and not buying anything,84,3
21,Spending over and hour trying on clothing and not buying anything,88,2
21,Spending over and hour trying on clothing and not buying anything,80,2
21,Spending over and hour trying on clothing and not buying anything,89,3
21,Spending over and hour trying on clothing and not buying anything,87,2
21,Spending over and hour trying on clothing and not buying anything,85,2
21,Spending over and hour trying on clothing and not buying anything,93,2
21,Spending over and hour trying on clothing and not buying anything,91,3
21,Spending over and hour trying on clothing and not buying anything,92,3
21,Spending over and hour trying on clothing and not buying anything,94,2
21,Spending over and hour trying on clothing and not buying anything,96,2
21,Spending over and hour trying on clothing and not buying anything,97,3
21,Spending over and hour trying on clothing and not buying anything,99,3
21,Spending over and hour trying on clothing and not buying anything,90,3
21,Spending over and hour trying on clothing and not buying anything,95,3
21,Spending over and hour trying on clothing and not buying anything,98,3
22,Downloading music from the internet instead of buying it,1,2
22,Downloading music from the internet instead of buying it,2,2
22,Downloading music from the internet instead of buying it,5,2
22,Downloading music from the internet instead of buying it,4,2
22,Downloading music from the internet instead of buying it,6,2
22,Downloading music from the internet instead of buying it,0,2
22,Downloading music from the internet instead of buying it,9,2
22,Downloading music from the internet instead of buying it,8,2
22,Downloading music from the internet instead of buying it,7,2
22,Downloading music from the internet instead of buying it,3,2
22,Downloading music from the internet instead of buying it,10,2
22,Downloading music from the internet instead of buying it,15,2
22,Downloading music from the internet instead of buying it,14,2
22,Downloading music from the internet instead of buying it,13,2
22,Downloading music from the internet instead of buying it,12,2
22,Downloading music from the internet instead of buying it,17,2
22,Downloading music from the internet instead of buying it,11,2
22,Downloading music from the internet instead of buying it,18,2
22,Downloading music from the internet instead of buying it,19,2
22,Downloading music from the internet instead of buying it,16,2
22,Downloading music from the internet instead of buying it,21,2
22,Downloading music from the internet instead of buying it,20,2
22,Downloading music from the internet instead of buying it,22,2
22,Downloading music from the internet instead of buying it,26,2
22,Downloading music from the internet instead of buying it,23,2
22,Downloading music from the internet instead of buying it,27,2
22,Downloading music from the internet instead of buying it,25,2
22,Downloading music from the internet instead of buying it,28,2
22,Downloading music from the internet instead of buying it,24,2
22,Downloading music from the internet instead of buying it,29,2
22,Downloading music from the internet instead of buying it,30,2
22,Downloading music from the internet instead of buying it,31,2
22,Downloading music from the internet instead of buying it,34,2
22,Downloading music from the internet instead of buying it,36,2
22,Downloading music from the internet instead of buying it,38,2
22,Downloading music from the internet instead of buying it,37,2
22,Downloading music from the internet instead of buying it,35,2
22,Downloading music from the internet instead of buying it,33,2
22,Downloading music from the internet instead of buying it,32,2
22,Downloading music from the internet instead of buying it,39,2
22,Downloading music from the internet instead of buying it,41,2
22,Downloading music from the internet instead of buying it,40,2
22,Downloading music from the internet instead of buying it,42,2
22,Downloading music from the internet instead of buying it,44,2
22,Downloading music from the internet instead of buying it,45,2
22,Downloading music from the internet instead of buying it,49,2
22,Downloading music from the internet instead of buying it,46,2
22,Downloading music from the internet instead of buying it,47,2
22,Downloading music from the internet instead of buying it,43,2
22,Downloading music from the internet instead of buying it,48,2
22,Downloading music from the internet instead of buying it,51,2
22,Downloading music from the internet instead of buying it,50,2
22,Downloading music from the internet instead of buying it,53,2
22,Downloading music from the internet instead of buying it,54,2
22,Downloading music from the internet instead of buying it,56,2
22,Downloading music from the internet instead of buying it,55,2
22,Downloading music from the internet instead of buying it,58,2
22,Downloading music from the internet instead of buying it,60,2
22,Downloading music from the internet instead of buying it,57,2
22,Downloading music from the internet instead of buying it,59,2
22,Downloading music from the internet instead of buying it,61,2
22,Downloading music from the internet instead of buying it,62,2
22,Downloading music from the internet instead of buying it,64,2
22,Downloading music from the internet instead of buying it,68,2
22,Downloading music from the internet instead of buying it,65,2
22,Downloading music from the internet instead of buying it,63,2
22,Downloading music from the internet instead of buying it,67,2
22,Downloading music from the internet instead of buying it,70,2
22,Downloading music from the internet instead of buying it,69,2
22,Downloading music from the internet instead of buying it,71,2
22,Downloading music from the internet instead of buying it,76,2
22,Downloading music from the internet instead of buying it,73,2
22,Downloading music from the internet instead of buying it,66,2
22,Downloading music from the internet instead of buying it,72,2
22,Downloading music from the internet instead of buying it,78,2
22,Downloading music from the internet instead of buying it,75,2
22,Downloading music from the internet instead of buying it,74,2
22,Downloading music from the internet instead of buying it,77,3
22,Downloading music from the internet instead of buying it,79,2
22,Downloading music from the internet instead of buying it,85,2
22,Downloading music from the internet instead of buying it,81,2
22,Downloading music from the internet instead of buying it,83,2
22,Downloading music from the internet instead of buying it,87,2
22,Downloading music from the internet instead of buying it,80,2
22,Downloading music from the internet instead of buying it,82,2
22,Downloading music from the internet instead of buying it,84,2
22,Downloading music from the internet instead of buying it,86,2
22,Downloading music from the internet instead of buying it,88,2
22,Downloading music from the internet instead of buying it,91,2
22,Downloading music from the internet instead of buying it,93,2
22,Downloading music from the internet instead of buying it,90,2
22,Downloading music from the internet instead of buying it,95,2
22,Downloading music from the internet instead of buying it,94,2
22,Downloading music from the internet instead of buying it,92,2
22,Downloading music from the internet instead of buying it,97,2
22,Downloading music from the internet instead of buying it,98,2
22,Downloading music from the internet instead of buying it,99,2
22,Downloading music from the internet instead of buying it,52,2
22,Downloading music from the internet instead of buying it,96,2
22,Downloading music from the internet instead of buying it,89,2
23,Buying counterfeit goods instead of buying the original manufacturers' brands,0,2
23,Buying counterfeit goods instead of buying the original manufacturers' brands,2,1
23,Buying counterfeit goods instead of buying the original manufacturers' brands,3,2
23,Buying counterfeit goods instead of buying the original manufacturers' brands,1,2
23,Buying counterfeit goods instead of buying the original manufacturers' brands,4,2
23,Buying counterfeit goods instead of buying the original manufacturers' brands,5,2
23,Buying counterfeit goods instead of buying the original manufacturers' brands,7,1
23,Buying counterfeit goods instead of buying the original manufacturers' brands,6,2
23,Buying counterfeit goods instead of buying the original manufacturers' brands,8,2
23,Buying counterfeit goods instead of buying the original manufacturers' brands,9,2
23,Buying counterfeit goods instead of buying the original manufacturers' brands,12,1
23,Buying counterfeit goods instead of buying the original manufacturers' brands,10,1
23,Buying counterfeit goods instead of buying the original manufacturers' brands,15,1
23,Buying counterfeit goods instead of buying the original manufacturers' brands,13,2
23,Buying counterfeit goods instead of buying the original manufacturers' brands,11,1
23,Buying counterfeit goods instead of buying the original manufacturers' brands,16,2
23,Buying counterfeit goods instead of buying the original manufacturers' brands,17,1
23,Buying counterfeit goods instead of buying the original manufacturers' brands,18,1
23,Buying counterfeit goods instead of buying the original manufacturers' brands,19,1
23,Buying counterfeit goods instead of buying the original manufacturers' brands,20,1
23,Buying counterfeit goods instead of buying the original manufacturers' brands,21,1
23,Buying counterfeit goods instead of buying the original manufacturers' brands,22,2
23,Buying counterfeit goods instead of buying the original manufacturers' brands,24,2
23,Buying counterfeit goods instead of buying the original manufacturers' brands,23,1
23,Buying counterfeit goods instead of buying the original manufacturers' brands,25,2
23,Buying counterfeit goods instead of buying the original manufacturers' brands,27,1
23,Buying counterfeit goods instead of buying the original manufacturers' brands,29,1
23,Buying counterfeit goods instead of buying the original manufacturers' brands,26,1
23,Buying counterfeit goods instead of buying the original manufacturers' brands,30,2
23,Buying counterfeit goods instead of buying the original manufacturers' brands,31,2
23,Buying counterfeit goods instead of buying the original manufacturers' brands,33,1
23,Buying counterfeit goods instead of buying the original manufacturers' brands,28,1
23,Buying counterfeit goods instead of buying the original manufacturers' brands,32,1
23,Buying counterfeit goods instead of buying the original manufacturers' brands,36,2
23,Buying counterfeit goods instead of buying the original manufacturers' brands,34,2
23,Buying counterfeit goods instead of buying the original manufacturers' brands,35,1
23,Buying counterfeit goods instead of buying the original manufacturers' brands,37,2
23,Buying counterfeit goods instead of buying the original manufacturers' brands,39,2
23,Buying counterfeit goods instead of buying the original manufacturers' brands,40,2
23,Buying counterfeit goods instead of buying the original manufacturers' brands,41,2
23,Buying counterfeit goods instead of buying the original manufacturers' brands,38,2
23,Buying counterfeit goods instead of buying the original manufacturers' brands,45,2
23,Buying counterfeit goods instead of buying the original manufacturers' brands,44,2
23,Buying counterfeit goods instead of buying the original manufacturers' brands,43,1
23,Buying counterfeit goods instead of buying the original manufacturers' brands,46,2
23,Buying counterfeit goods instead of buying the original manufacturers' brands,47,2
23,Buying counterfeit goods instead of buying the original manufacturers' brands,49,1
23,Buying counterfeit goods instead of buying the original manufacturers' brands,48,1
23,Buying counterfeit goods instead of buying the original manufacturers' brands,50,2
23,Buying counterfeit goods instead of buying the original manufacturers' brands,52,1
23,Buying counterfeit goods instead of buying the original manufacturers' brands,53,1
23,Buying counterfeit goods instead of buying the original manufacturers' brands,51,2
23,Buying counterfeit goods instead of buying the original manufacturers' brands,54,1
23,Buying counterfeit goods instead of buying the original manufacturers' brands,57,1
23,Buying counterfeit goods instead of buying the original manufacturers' brands,56,2
23,Buying counterfeit goods instead of buying the original manufacturers' brands,59,1
23,Buying counterfeit goods instead of buying the original manufacturers' brands,55,1
23,Buying counterfeit goods instead of buying the original manufacturers' brands,60,2
23,Buying counterfeit goods instead of buying the original manufacturers' brands,63,2
23,Buying counterfeit goods instead of buying the original manufacturers' brands,61,2
23,Buying counterfeit goods instead of buying the original manufacturers' brands,42,1
23,Buying counterfeit goods instead of buying the original manufacturers' brands,65,2
23,Buying counterfeit goods instead of buying the original manufacturers' brands,64,2
23,Buying counterfeit goods instead of buying the original manufacturers' brands,62,2
23,Buying counterfeit goods instead of buying the original manufacturers' brands,14,2
23,Buying counterfeit goods instead of buying the original manufacturers' brands,66,1
23,Buying counterfeit goods instead of buying the original manufacturers' brands,70,2
23,Buying counterfeit goods instead of buying the original manufacturers' brands,67,2
23,Buying counterfeit goods instead of buying the original manufacturers' brands,72,2
23,Buying counterfeit goods instead of buying the original manufacturers' brands,58,2
23,Buying counterfeit goods instead of buying the original manufacturers' brands,68,2
23,Buying counterfeit goods instead of buying the original manufacturers' brands,74,1
23,Buying counterfeit goods instead of buying the original manufacturers' brands,69,2
23,Buying counterfeit goods instead of buying the original manufacturers' brands,77,1
23,Buying counterfeit goods instead of buying the original manufacturers' brands,79,1
23,Buying counterfeit goods instead of buying the original manufacturers' brands,75,1
23,Buying counterfeit goods instead of buying the original manufacturers' brands,76,1
23,Buying counterfeit goods instead of buying the original manufacturers' brands,73,1
23,Buying counterfeit goods instead of buying the original manufacturers' brands,80,1
23,Buying counterfeit goods instead of buying the original manufacturers' brands,81,1
23,Buying counterfeit goods instead of buying the original manufacturers' brands,83,2
23,Buying counterfeit goods instead of buying the original manufacturers' brands,84,2
23,Buying counterfeit goods instead of buying the original manufacturers' brands,82,2
23,Buying counterfeit goods instead of buying the original manufacturers' brands,86,2
23,Buying counterfeit goods instead of buying the original manufacturers' brands,85,2
23,Buying counterfeit goods instead of buying the original manufacturers' brands,87,2
23,Buying counterfeit goods instead of buying the original manufacturers' brands,88,2
23,Buying counterfeit goods instead of buying the original manufacturers' brands,89,2
23,Buying counterfeit goods instead of buying the original manufacturers' brands,78,1
23,Buying counterfeit goods instead of buying the original manufacturers' brands,92,1
23,Buying counterfeit goods instead of buying the original manufacturers' brands,90,1
23,Buying counterfeit goods instead of buying the original manufacturers' brands,93,2
23,Buying counterfeit goods instead of buying the original manufacturers' brands,91,1
23,Buying counterfeit goods instead of buying the original manufacturers' brands,94,2
23,Buying counterfeit goods instead of buying the original manufacturers' brands,95,2
23,Buying counterfeit goods instead of buying the original manufacturers' brands,71,1
23,Buying counterfeit goods instead of buying the original manufacturers' brands,96,2
23,Buying counterfeit goods instead of buying the original manufacturers' brands,98,1
23,Buying counterfeit goods instead of buying the original manufacturers' brands,99,1
23,Buying counterfeit goods instead of buying the original manufacturers' brands,97,2
24,"Buying products labeled as ""environmentally friendly"" even if they don't work as well as competition products",2,3
24,"Buying products labeled as ""environmentally friendly"" even if they don't work as well as competition products",0,3
24,"Buying products labeled as ""environmentally friendly"" even if they don't work as well as competition products",1,3
24,"Buying products labeled as ""environmentally friendly"" even if they don't work as well as competition products",3,3
24,"Buying products labeled as ""environmentally friendly"" even if they don't work as well as competition products",5,4
24,"Buying products labeled as ""environmentally friendly"" even if they don't work as well as competition products",6,3
24,"Buying products labeled as ""environmentally friendly"" even if they don't work as well as competition products",7,3
24,"Buying products labeled as ""environmentally friendly"" even if they don't work as well as competition products",4,3
24,"Buying products labeled as ""environmentally friendly"" even if they don't work as well as competition products",8,2
24,"Buying products labeled as ""environmentally friendly"" even if they don't work as well as competition products",11,3
24,"Buying products labeled as ""environmentally friendly"" even if they don't work as well as competition products",10,3
24,"Buying products labeled as ""environmentally friendly"" even if they don't work as well as competition products",9,3
24,"Buying products labeled as ""environmentally friendly"" even if they don't work as well as competition products",13,3
24,"Buying products labeled as ""environmentally friendly"" even if they don't work as well as competition products",12,3
24,"Buying products labeled as ""environmentally friendly"" even if they don't work as well as competition products",15,3
24,"Buying products labeled as ""environmentally friendly"" even if they don't work as well as competition products",14,3
24,"Buying products labeled as ""environmentally friendly"" even if they don't work as well as competition products",17,3
24,"Buying products labeled as ""environmentally friendly"" even if they don't work as well as competition products",18,3
24,"Buying products labeled as ""environmentally friendly"" even if they don't work as well as competition products",16,3
24,"Buying products labeled as ""environmentally friendly"" even if they don't work as well as competition products",19,4
24,"Buying products labeled as ""environmentally friendly"" even if they don't work as well as competition products",21,3
24,"Buying products labeled as ""environmentally friendly"" even if they don't work as well as competition products",22,3
24,"Buying products labeled as ""environmentally friendly"" even if they don't work as well as competition products",20,3
24,"Buying products labeled as ""environmentally friendly"" even if they don't work as well as competition products",24,3
24,"Buying products labeled as ""environmentally friendly"" even if they don't work as well as competition products",23,3
24,"Buying products labeled as ""environmentally friendly"" even if they don't work as well as competition products",25,3
24,"Buying products labeled as ""environmentally friendly"" even if they don't work as well as competition products",28,3
24,"Buying products labeled as ""environmentally friendly"" even if they don't work as well as competition products",27,3
24,"Buying products labeled as ""environmentally friendly"" even if they don't work as well as competition products",30,3
24,"Buying products labeled as ""environmentally friendly"" even if they don't work as well as competition products",32,3
24,"Buying products labeled as ""environmentally friendly"" even if they don't work as well as competition products",33,3
24,"Buying products labeled as ""environmentally friendly"" even if they don't work as well as competition products",31,3
24,"Buying products labeled as ""environmentally friendly"" even if they don't work as well as competition products",29,3
24,"Buying products labeled as ""environmentally friendly"" even if they don't work as well as competition products",34,4
24,"Buying products labeled as ""environmentally friendly"" even if they don't work as well as competition products",35,4
24,"Buying products labeled as ""environmentally friendly"" even if they don't work as well as competition products",37,3
24,"Buying products labeled as ""environmentally friendly"" even if they don't work as well as competition products",41,3
24,"Buying products labeled as ""environmentally friendly"" even if they don't work as well as competition products",40,3
24,"Buying products labeled as ""environmentally friendly"" even if they don't work as well as competition products",39,4
24,"Buying products labeled as ""environmentally friendly"" even if they don't work as well as competition products",43,3
24,"Buying products labeled as ""environmentally friendly"" even if they don't work as well as competition products",36,3
24,"Buying products labeled as ""environmentally friendly"" even if they don't work as well as competition products",42,3
24,"Buying products labeled as ""environmentally friendly"" even if they don't work as well as competition products",38,3
24,"Buying products labeled as ""environmentally friendly"" even if they don't work as well as competition products",44,3
24,"Buying products labeled as ""environmentally friendly"" even if they don't work as well as competition products",45,3
24,"Buying products labeled as ""environmentally friendly"" even if they don't work as well as competition products",46,3
24,"Buying products labeled as ""environmentally friendly"" even if they don't work as well as competition products",49,3
24,"Buying products labeled as ""environmentally friendly"" even if they don't work as well as competition products",51,3
24,"Buying products labeled as ""environmentally friendly"" even if they don't work as well as competition products",48,4
24,"Buying products labeled as ""environmentally friendly"" even if they don't work as well as competition products",50,3
24,"Buying products labeled as ""environmentally friendly"" even if they don't work as well as competition products",52,3
24,"Buying products labeled as ""environmentally friendly"" even if they don't work as well as competition products",53,3
24,"Buying products labeled as ""environmentally friendly"" even if they don't work as well as competition products",47,3
24,"Buying products labeled as ""environmentally friendly"" even if they don't work as well as competition products",54,3
24,"Buying products labeled as ""environmentally friendly"" even if they don't work as well as competition products",55,3
24,"Buying products labeled as ""environmentally friendly"" even if they don't work as well as competition products",57,3
24,"Buying products labeled as ""environmentally friendly"" even if they don't work as well as competition products",58,3
24,"Buying products labeled as ""environmentally friendly"" even if they don't work as well as competition products",59,3
24,"Buying products labeled as ""environmentally friendly"" even if they don't work as well as competition products",56,3
24,"Buying products labeled as ""environmentally friendly"" even if they don't work as well as competition products",60,3
24,"Buying products labeled as ""environmentally friendly"" even if they don't work as well as competition products",62,3
24,"Buying products labeled as ""environmentally friendly"" even if they don't work as well as competition products",63,3
24,"Buying products labeled as ""environmentally friendly"" even if they don't work as well as competition products",61,3
24,"Buying products labeled as ""environmentally friendly"" even if they don't work as well as competition products",64,3
24,"Buying products labeled as ""environmentally friendly"" even if they don't work as well as competition products",67,3
24,"Buying products labeled as ""environmentally friendly"" even if they don't work as well as competition products",65,3
24,"Buying products labeled as ""environmentally friendly"" even if they don't work as well as competition products",66,3
24,"Buying products labeled as ""environmentally friendly"" even if they don't work as well as competition products",70,3
24,"Buying products labeled as ""environmentally friendly"" even if they don't work as well as competition products",68,3
24,"Buying products labeled as ""environmentally friendly"" even if they don't work as well as competition products",69,3
24,"Buying products labeled as ""environmentally friendly"" even if they don't work as well as competition products",71,3
24,"Buying products labeled as ""environmentally friendly"" even if they don't work as well as competition products",74,3
24,"Buying products labeled as ""environmentally friendly"" even if they don't work as well as competition products",75,3
24,"Buying products labeled as ""environmentally friendly"" even if they don't work as well as competition products",72,3
24,"Buying products labeled as ""environmentally friendly"" even if they don't work as well as competition products",76,3
24,"Buying products labeled as ""environmentally friendly"" even if they don't work as well as competition products",78,3
24,"Buying products labeled as ""environmentally friendly"" even if they don't work as well as competition products",77,3
24,"Buying products labeled as ""environmentally friendly"" even if they don't work as well as competition products",73,3
24,"Buying products labeled as ""environmentally friendly"" even if they don't work as well as competition products",79,3
24,"Buying products labeled as ""environmentally friendly"" even if they don't work as well as competition products",81,3
24,"Buying products labeled as ""environmentally friendly"" even if they don't work as well as competition products",82,3
24,"Buying products labeled as ""environmentally friendly"" even if they don't work as well as competition products",80,3
24,"Buying products labeled as ""environmentally friendly"" even if they don't work as well as competition products",84,4
24,"Buying products labeled as ""environmentally friendly"" even if they don't work as well as competition products",86,3
24,"Buying products labeled as ""environmentally friendly"" even if they don't work as well as competition products",87,3
24,"Buying products labeled as ""environmentally friendly"" even if they don't work as well as competition products",83,3
24,"Buying products labeled as ""environmentally friendly"" even if they don't work as well as competition products",85,3
24,"Buying products labeled as ""environmentally friendly"" even if they don't work as well as competition products",89,3
24,"Buying products labeled as ""environmentally friendly"" even if they don't work as well as competition products",88,3
24,"Buying products labeled as ""environmentally friendly"" even if they don't work as well as competition products",91,3
24,"Buying products labeled as ""environmentally friendly"" even if they don't work as well as competition products",93,3
24,"Buying products labeled as ""environmentally friendly"" even if they don't work as well as competition products",92,3
24,"Buying products labeled as ""environmentally friendly"" even if they don't work as well as competition products",95,3
24,"Buying products labeled as ""environmentally friendly"" even if they don't work as well as competition products",94,3
24,"Buying products labeled as ""environmentally friendly"" even if they don't work as well as competition products",96,3
24,"Buying products labeled as ""environmentally friendly"" even if they don't work as well as competition products",98,3
24,"Buying products labeled as ""environmentally friendly"" even if they don't work as well as competition products",90,3
24,"Buying products labeled as ""environmentally friendly"" even if they don't work as well as competition products",99,3
24,"Buying products labeled as ""environmentally friendly"" even if they don't work as well as competition products",97,3
24,"Buying products labeled as ""environmentally friendly"" even if they don't work as well as competition products",26,3
25,Purchasing something made of recycled materials even though it is more expensive,0,5
25,Purchasing something made of recycled materials even though it is more expensive,4,5
25,Purchasing something made of recycled materials even though it is more expensive,3,5
25,Purchasing something made of recycled materials even though it is more expensive,2,5
25,Purchasing something made of recycled materials even though it is more expensive,5,5
25,Purchasing something made of recycled materials even though it is more expensive,6,5
25,Purchasing something made of recycled materials even though it is more expensive,8,5
25,Purchasing something made of recycled materials even though it is more expensive,9,5
25,Purchasing something made of recycled materials even though it is more expensive,1,5
25,Purchasing something made of recycled materials even though it is more expensive,10,5
25,Purchasing something made of recycled materials even though it is more expensive,11,5
25,Purchasing something made of recycled materials even though it is more expensive,12,5
25,Purchasing something made of recycled materials even though it is more expensive,14,5
25,Purchasing something made of recycled materials even though it is more expensive,16,5
25,Purchasing something made of recycled materials even though it is more expensive,15,5
25,Purchasing something made of recycled materials even though it is more expensive,17,5
25,Purchasing something made of recycled materials even though it is more expensive,13,4
25,Purchasing something made of recycled materials even though it is more expensive,19,5
25,Purchasing something made of recycled materials even though it is more expensive,18,5
25,Purchasing something made of recycled materials even though it is more expensive,7,5
25,Purchasing something made of recycled materials even though it is more expensive,21,5
25,Purchasing something made of recycled materials even though it is more expensive,23,5
25,Purchasing something made of recycled materials even though it is more expensive,20,5
25,Purchasing something made of recycled materials even though it is more expensive,22,5
25,Purchasing something made of recycled materials even though it is more expensive,24,5
25,Purchasing something made of recycled materials even though it is more expensive,25,5
25,Purchasing something made of recycled materials even though it is more expensive,27,4
25,Purchasing something made of recycled materials even though it is more expensive,32,4
25,Purchasing something made of recycled materials even though it is more expensive,31,5
25,Purchasing something made of recycled materials even though it is more expensive,26,5
25,Purchasing something made of recycled materials even though it is more expensive,30,5
25,Purchasing something made of recycled materials even though it is more expensive,33,5
25,Purchasing something made of recycled materials even though it is more expensive,29,5
25,Purchasing something made of recycled materials even though it is more expensive,36,5
25,Purchasing something made of recycled materials even though it is more expensive,35,5
25,Purchasing something made of recycled materials even though it is more expensive,34,5
25,Purchasing something made of recycled materials even though it is more expensive,28,5
25,Purchasing something made of recycled materials even though it is more expensive,39,5
25,Purchasing something made of recycled materials even though it is more expensive,38,5
25,Purchasing something made of recycled materials even though it is more expensive,37,5
25,Purchasing something made of recycled materials even though it is more expensive,40,5
25,Purchasing something made of recycled materials even though it is more expensive,41,5
25,Purchasing something made of recycled materials even though it is more expensive,42,4
25,Purchasing something made of recycled materials even though it is more expensive,43,5
25,Purchasing something made of recycled materials even though it is more expensive,44,5
25,Purchasing something made of recycled materials even though it is more expensive,48,5
25,Purchasing something made of recycled materials even though it is more expensive,45,5
25,Purchasing something made of recycled materials even though it is more expensive,46,5
25,Purchasing something made of recycled materials even though it is more expensive,49,5
25,Purchasing something made of recycled materials even though it is more expensive,50,5
25,Purchasing something made of recycled materials even though it is more expensive,47,4
25,Purchasing something made of recycled materials even though it is more expensive,51,5
25,Purchasing something made of recycled materials even though it is more expensive,54,5
25,Purchasing something made of recycled materials even though it is more expensive,55,5
25,Purchasing something made of recycled materials even though it is more expensive,59,5
25,Purchasing something made of recycled materials even though it is more expensive,58,5
25,Purchasing something made of recycled materials even though it is more expensive,56,5
25,Purchasing something made of recycled materials even though it is more expensive,60,5
25,Purchasing something made of recycled materials even though it is more expensive,61,5
25,Purchasing something made of recycled materials even though it is more expensive,57,5
25,Purchasing something made of recycled materials even though it is more expensive,53,5
25,Purchasing something made of recycled materials even though it is more expensive,63,5
25,Purchasing something made of recycled materials even though it is more expensive,64,5
25,Purchasing something made of recycled materials even though it is more expensive,65,4
25,Purchasing something made of recycled materials even though it is more expensive,66,5
25,Purchasing something made of recycled materials even though it is more expensive,69,5
25,Purchasing something made of recycled materials even though it is more expensive,67,5
25,Purchasing something made of recycled materials even though it is more expensive,70,4
25,Purchasing something made of recycled materials even though it is more expensive,68,5
25,Purchasing something made of recycled materials even though it is more expensive,74,5
25,Purchasing something made of recycled materials even though it is more expensive,72,5
25,Purchasing something made of recycled materials even though it is more expensive,73,5
25,Purchasing something made of recycled materials even though it is more expensive,76,5
25,Purchasing something made of recycled materials even though it is more expensive,77,5
25,Purchasing something made of recycled materials even though it is more expensive,79,5
25,Purchasing something made of recycled materials even though it is more expensive,78,5
25,Purchasing something made of recycled materials even though it is more expensive,75,5
25,Purchasing something made of recycled materials even though it is more expensive,80,5
25,Purchasing something made of recycled materials even though it is more expensive,71,5
25,Purchasing something made of recycled materials even though it is more expensive,81,5
25,Purchasing something made of recycled materials even though it is more expensive,84,5
25,Purchasing something made of recycled materials even though it is more expensive,83,5
25,Purchasing something made of recycled materials even though it is more expensive,82,5
25,Purchasing something made of recycled materials even though it is more expensive,85,5
25,Purchasing something made of recycled materials even though it is more expensive,86,5
25,Purchasing something made of recycled materials even though it is more expensive,52,5
25,Purchasing something made of recycled materials even though it is more expensive,87,4
25,Purchasing something made of recycled materials even though it is more expensive,89,5
25,Purchasing something made of recycled materials even though it is more expensive,90,5
25,Purchasing something made of recycled materials even though it is more expensive,92,5
25,Purchasing something made of recycled materials even though it is more expensive,62,5
25,Purchasing something made of recycled materials even though it is more expensive,94,5
25,Purchasing something made of recycled materials even though it is more expensive,88,5
25,Purchasing something made of recycled materials even though it is more expensive,95,5
25,Purchasing something made of recycled materials even though it is more expensive,97,5
25,Purchasing something made of recycled materials even though it is more expensive,96,5
25,Purchasing something made of recycled materials even though it is more expensive,99,5
25,Purchasing something made of recycled materials even though it is more expensive,91,5
25,Purchasing something made of recycled materials even though it is more expensive,93,5
25,Purchasing something made of recycled materials even though it is more expensive,98,5
26,Buying only from companies that have a strong record of protecting the environment,0,5
26,Buying only from companies that have a strong record of protecting the environment,3,5
26,Buying only from companies that have a strong record of protecting the environment,4,5
26,Buying only from companies that have a strong record of protecting the environment,5,5
26,Buying only from companies that have a strong record of protecting the environment,2,5
26,Buying only from companies that have a strong record of protecting the environment,1,5
26,Buying only from companies that have a strong record of protecting the environment,8,5
26,Buying only from companies that have a strong record of protecting the environment,6,5
26,Buying only from companies that have a strong record of protecting the environment,9,5
26,Buying only from companies that have a strong record of protecting the environment,10,5
26,Buying only from companies that have a strong record of protecting the environment,12,5
26,Buying only from companies that have a strong record of protecting the environment,11,5
26,Buying only from companies that have a strong record of protecting the environment,13,5
26,Buying only from companies that have a strong record of protecting the environment,14,5
26,Buying only from companies that have a strong record of protecting the environment,15,5
26,Buying only from companies that have a strong record of protecting the environment,16,5
26,Buying only from companies that have a strong record of protecting the environment,7,5
26,Buying only from companies that have a strong record of protecting the environment,20,5
26,Buying only from companies that have a strong record of protecting the environment,18,5
26,Buying only from companies that have a strong record of protecting the environment,22,5
26,Buying only from companies that have a strong record of protecting the environment,17,5
26,Buying only from companies that have a strong record of protecting the environment,23,5
26,Buying only from companies that have a strong record of protecting the environment,21,5
26,Buying only from companies that have a strong record of protecting the environment,24,5
26,Buying only from companies that have a strong record of protecting the environment,19,5
26,Buying only from companies that have a strong record of protecting the environment,27,5
26,Buying only from companies that have a strong record of protecting the environment,29,5
26,Buying only from companies that have a strong record of protecting the environment,26,5
26,Buying only from companies that have a strong record of protecting the environment,28,5
26,Buying only from companies that have a strong record of protecting the environment,25,5
26,Buying only from companies that have a strong record of protecting the environment,33,5
26,Buying only from companies that have a strong record of protecting the environment,30,5
26,Buying only from companies that have a strong record of protecting the environment,32,5
26,Buying only from companies that have a strong record of protecting the environment,31,5
26,Buying only from companies that have a strong record of protecting the environment,37,5
26,Buying only from companies that have a strong record of protecting the environment,41,5
26,Buying only from companies that have a strong record of protecting the environment,36,5
26,Buying only from companies that have a strong record of protecting the environment,35,5
26,Buying only from companies that have a strong record of protecting the environment,39,5
26,Buying only from companies that have a strong record of protecting the environment,42,5
26,Buying only from companies that have a strong record of protecting the environment,34,5
26,Buying only from companies that have a strong record of protecting the environment,43,5
26,Buying only from companies that have a strong record of protecting the environment,38,5
26,Buying only from companies that have a strong record of protecting the environment,48,5
26,Buying only from companies that have a strong record of protecting the environment,44,5
26,Buying only from companies that have a strong record of protecting the environment,45,5
26,Buying only from companies that have a strong record of protecting the environment,46,5
26,Buying only from companies that have a strong record of protecting the environment,47,5
26,Buying only from companies that have a strong record of protecting the environment,50,5
26,Buying only from companies that have a strong record of protecting the environment,49,5
26,Buying only from companies that have a strong record of protecting the environment,51,5
26,Buying only from companies that have a strong record of protecting the environment,52,5
26,Buying only from companies that have a strong record of protecting the environment,54,5
26,Buying only from companies that have a strong record of protecting the environment,56,5
26,Buying only from companies that have a strong record of protecting the environment,55,5
26,Buying only from companies that have a strong record of protecting the environment,57,5
26,Buying only from companies that have a strong record of protecting the environment,53,5
26,Buying only from companies that have a strong record of protecting the environment,61,5
26,Buying only from companies that have a strong record of protecting the environment,59,5
26,Buying only from companies that have a strong record of protecting the environment,60,5
26,Buying only from companies that have a strong record of protecting the environment,62,5
26,Buying only from companies that have a strong record of protecting the environment,64,5
26,Buying only from companies that have a strong record of protecting the environment,40,5
26,Buying only from companies that have a strong record of protecting the environment,65,5
26,Buying only from companies that have a strong record of protecting the environment,63,5
26,Buying only from companies that have a strong record of protecting the environment,67,5
26,Buying only from companies that have a strong record of protecting the environment,68,5
26,Buying only from companies that have a strong record of protecting the environment,66,5
26,Buying only from companies that have a strong record of protecting the environment,69,5
26,Buying only from companies that have a strong record of protecting the environment,70,5
26,Buying only from companies that have a strong record of protecting the environment,72,5
26,Buying only from companies that have a strong record of protecting the environment,71,5
26,Buying only from companies that have a strong record of protecting the environment,74,5
26,Buying only from companies that have a strong record of protecting the environment,76,5
26,Buying only from companies that have a strong record of protecting the environment,77,5
26,Buying only from companies that have a strong record of protecting the environment,78,5
26,Buying only from companies that have a strong record of protecting the environment,75,5
26,Buying only from companies that have a strong record of protecting the environment,73,5
26,Buying only from companies that have a strong record of protecting the environment,82,5
26,Buying only from companies that have a strong record of protecting the environment,80,5
26,Buying only from companies that have a strong record of protecting the environment,81,5
26,Buying only from companies that have a strong record of protecting the environment,85,5
26,Buying only from companies that have a strong record of protecting the environment,84,5
26,Buying only from companies that have a strong record of protecting the environment,86,5
26,Buying only from companies that have a strong record of protecting the environment,87,5
26,Buying only from companies that have a strong record of protecting the environment,88,5
26,Buying only from companies that have a strong record of protecting the environment,89,5
26,Buying only from companies that have a strong record of protecting the environment,90,5
26,Buying only from companies that have a strong record of protecting the environment,91,5
26,Buying only from companies that have a strong record of protecting the environment,79,5
26,Buying only from companies that have a strong record of protecting the environment,94,5
26,Buying only from companies that have a strong record of protecting the environment,92,5
26,Buying only from companies that have a strong record of protecting the environment,93,5
26,Buying only from companies that have a strong record of protecting the environment,96,5
26,Buying only from companies that have a strong record of protecting the environment,95,5
26,Buying only from companies that have a strong record of protecting the environment,98,5
26,Buying only from companies that have a strong record of protecting the environment,97,5
26,Buying only from companies that have a strong record of protecting the environment,99,5
26,Buying only from companies that have a strong record of protecting the environment,58,5
26,Buying only from companies that have a strong record of protecting the environment,83,5
27,"Recycling materials such as cans, bottles, newspapers, etc.",0,5
27,"Recycling materials such as cans, bottles, newspapers, etc.",2,5
27,"Recycling materials such as cans, bottles, newspapers, etc.",1,5
27,"Recycling materials such as cans, bottles, newspapers, etc.",3,5
27,"Recycling materials such as cans, bottles, newspapers, etc.",7,5
27,"Recycling materials such as cans, bottles, newspapers, etc.",8,5
27,"Recycling materials such as cans, bottles, newspapers, etc.",9,5
27,"Recycling materials such as cans, bottles, newspapers, etc.",4,5
27,"Recycling materials such as cans, bottles, newspapers, etc.",11,5
27,"Recycling materials such as cans, bottles, newspapers, etc.",5,5
27,"Recycling materials such as cans, bottles, newspapers, etc.",13,5
27,"Recycling materials such as cans, bottles, newspapers, etc.",14,5
27,"Recycling materials such as cans, bottles, newspapers, etc.",16,5
27,"Recycling materials such as cans, bottles, newspapers, etc.",10,5
27,"Recycling materials such as cans, bottles, newspapers, etc.",18,5
27,"Recycling materials such as cans, bottles, newspapers, etc.",6,5
27,"Recycling materials such as cans, bottles, newspapers, etc.",12,5
27,"Recycling materials such as cans, bottles, newspapers, etc.",15,5
27,"Recycling materials such as cans, bottles, newspapers, etc.",19,5
27,"Recycling materials such as cans, bottles, newspapers, etc.",21,5
27,"Recycling materials such as cans, bottles, newspapers, etc.",20,5
27,"Recycling materials such as cans, bottles, newspapers, etc.",22,5
27,"Recycling materials such as cans, bottles, newspapers, etc.",17,5
27,"Recycling materials such as cans, bottles, newspapers, etc.",23,5
27,"Recycling materials such as cans, bottles, newspapers, etc.",24,5
27,"Recycling materials such as cans, bottles, newspapers, etc.",26,5
27,"Recycling materials such as cans, bottles, newspapers, etc.",25,5
27,"Recycling materials such as cans, bottles, newspapers, etc.",27,5
27,"Recycling materials such as cans, bottles, newspapers, etc.",28,5
27,"Recycling materials such as cans, bottles, newspapers, etc.",30,5
27,"Recycling materials such as cans, bottles, newspapers, etc.",29,5
27,"Recycling materials such as cans, bottles, newspapers, etc.",33,5
27,"Recycling materials such as cans, bottles, newspapers, etc.",35,5
27,"Recycling materials such as cans, bottles, newspapers, etc.",34,5
27,"Recycling materials such as cans, bottles, newspapers, etc.",32,5
27,"Recycling materials such as cans, bottles, newspapers, etc.",31,5
27,"Recycling materials such as cans, bottles, newspapers, etc.",37,5
27,"Recycling materials such as cans, bottles, newspapers, etc.",36,5
27,"Recycling materials such as cans, bottles, newspapers, etc.",38,5
27,"Recycling materials such as cans, bottles, newspapers, etc.",43,5
27,"Recycling materials such as cans, bottles, newspapers, etc.",39,5
27,"Recycling materials such as cans, bottles, newspapers, etc.",45,5
27,"Recycling materials such as cans, bottles, newspapers, etc.",42,5
27,"Recycling materials such as cans, bottles, newspapers, etc.",46,5
27,"Recycling materials such as cans, bottles, newspapers, etc.",40,5
27,"Recycling materials such as cans, bottles, newspapers, etc.",44,5
27,"Recycling materials such as cans, bottles, newspapers, etc.",47,5
27,"Recycling materials such as cans, bottles, newspapers, etc.",49,5
27,"Recycling materials such as cans, bottles, newspapers, etc.",50,5
27,"Recycling materials such as cans, bottles, newspapers, etc.",52,5
27,"Recycling materials such as cans, bottles, newspapers, etc.",54,5
27,"Recycling materials such as cans, bottles, newspapers, etc.",53,5
27,"Recycling materials such as cans, bottles, newspapers, etc.",41,5
27,"Recycling materials such as cans, bottles, newspapers, etc.",55,5
27,"Recycling materials such as cans, bottles, newspapers, etc.",51,5
27,"Recycling materials such as cans, bottles, newspapers, etc.",57,5
27,"Recycling materials such as cans, bottles, newspapers, etc.",60,5
27,"Recycling materials such as cans, bottles, newspapers, etc.",56,5
27,"Recycling materials such as cans, bottles, newspapers, etc.",62,5
27,"Recycling materials such as cans, bottles, newspapers, etc.",63,5
27,"Recycling materials such as cans, bottles, newspapers, etc.",61,5
27,"Recycling materials such as cans, bottles, newspapers, etc.",59,5
27,"Recycling materials such as cans, bottles, newspapers, etc.",64,5
27,"Recycling materials such as cans, bottles, newspapers, etc.",58,5
27,"Recycling materials such as cans, bottles, newspapers, etc.",67,5
27,"Recycling materials such as cans, bottles, newspapers, etc.",68,5
27,"Recycling materials such as cans, bottles, newspapers, etc.",70,5
27,"Recycling materials such as cans, bottles, newspapers, etc.",69,5
27,"Recycling materials such as cans, bottles, newspapers, etc.",66,5
27,"Recycling materials such as cans, bottles, newspapers, etc.",72,5
27,"Recycling materials such as cans, bottles, newspapers, etc.",71,5
27,"Recycling materials such as cans, bottles, newspapers, etc.",73,5
27,"Recycling materials such as cans, bottles, newspapers, etc.",75,5
27,"Recycling materials such as cans, bottles, newspapers, etc.",74,5
27,"Recycling materials such as cans, bottles, newspapers, etc.",76,5
27,"Recycling materials such as cans, bottles, newspapers, etc.",78,5
27,"Recycling materials such as cans, bottles, newspapers, etc.",77,5
27,"Recycling materials such as cans, bottles, newspapers, etc.",79,5
27,"Recycling materials such as cans, bottles, newspapers, etc.",83,5
27,"Recycling materials such as cans, bottles, newspapers, etc.",80,5
27,"Recycling materials such as cans, bottles, newspapers, etc.",82,5
27,"Recycling materials such as cans, bottles, newspapers, etc.",65,5
27,"Recycling materials such as cans, bottles, newspapers, etc.",84,5
27,"Recycling materials such as cans, bottles, newspapers, etc.",86,5
27,"Recycling materials such as cans, bottles, newspapers, etc.",81,5
27,"Recycling materials such as cans, bottles, newspapers, etc.",87,5
27,"Recycling materials such as cans, bottles, newspapers, etc.",91,5
27,"Recycling materials such as cans, bottles, newspapers, etc.",90,5
27,"Recycling materials such as cans, bottles, newspapers, etc.",88,5
27,"Recycling materials such as cans, bottles, newspapers, etc.",89,5
27,"Recycling materials such as cans, bottles, newspapers, etc.",92,5
27,"Recycling materials such as cans, bottles, newspapers, etc.",98,5
27,"Recycling materials such as cans, bottles, newspapers, etc.",94,5
27,"Recycling materials such as cans, bottles, newspapers, etc.",96,5
27,"Recycling materials such as cans, bottles, newspapers, etc.",85,5
27,"Recycling materials such as cans, bottles, newspapers, etc.",97,5
27,"Recycling materials such as cans, bottles, newspapers, etc.",93,5
27,"Recycling materials such as cans, bottles, newspapers, etc.",99,5
27,"Recycling materials such as cans, bottles, newspapers, etc.",95,5
27,"Recycling materials such as cans, bottles, newspapers, etc.",48,5
28,Returning to the store and paying for an item that the cashier mistakenly did not charge you for,1,5
28,Returning to the store and paying for an item that the cashier mistakenly did not charge you for,5,5
28,Returning to the store and paying for an item that the cashier mistakenly did not charge you for,2,5
28,Returning to the store and paying for an item that the cashier mistakenly did not charge you for,0,5
28,Returning to the store and paying for an item that the cashier mistakenly did not charge you for,6,5
28,Returning to the store and paying for an item that the cashier mistakenly did not charge you for,3,5
28,Returning to the store and paying for an item that the cashier mistakenly did not charge you for,4,5
28,Returning to the store and paying for an item that the cashier mistakenly did not charge you for,7,5
28,Returning to the store and paying for an item that the cashier mistakenly did not charge you for,10,5
28,Returning to the store and paying for an item that the cashier mistakenly did not charge you for,8,5
28,Returning to the store and paying for an item that the cashier mistakenly did not charge you for,12,5
28,Returning to the store and paying for an item that the cashier mistakenly did not charge you for,13,5
28,Returning to the store and paying for an item that the cashier mistakenly did not charge you for,9,5
28,Returning to the store and paying for an item that the cashier mistakenly did not charge you for,11,5
28,Returning to the store and paying for an item that the cashier mistakenly did not charge you for,15,5
28,Returning to the store and paying for an item that the cashier mistakenly did not charge you for,14,5
28,Returning to the store and paying for an item that the cashier mistakenly did not charge you for,17,5
28,Returning to the store and paying for an item that the cashier mistakenly did not charge you for,19,5
28,Returning to the store and paying for an item that the cashier mistakenly did not charge you for,20,5
28,Returning to the store and paying for an item that the cashier mistakenly did not charge you for,16,5
28,Returning to the store and paying for an item that the cashier mistakenly did not charge you for,18,5
28,Returning to the store and paying for an item that the cashier mistakenly did not charge you for,25,5
28,Returning to the store and paying for an item that the cashier mistakenly did not charge you for,22,5
28,Returning to the store and paying for an item that the cashier mistakenly did not charge you for,23,5
28,Returning to the store and paying for an item that the cashier mistakenly did not charge you for,26,5
28,Returning to the store and paying for an item that the cashier mistakenly did not charge you for,24,5
28,Returning to the store and paying for an item that the cashier mistakenly did not charge you for,27,5
28,Returning to the store and paying for an item that the cashier mistakenly did not charge you for,28,5
28,Returning to the store and paying for an item that the cashier mistakenly did not charge you for,32,5
28,Returning to the store and paying for an item that the cashier mistakenly did not charge you for,33,5
28,Returning to the store and paying for an item that the cashier mistakenly did not charge you for,35,5
28,Returning to the store and paying for an item that the cashier mistakenly did not charge you for,36,5
28,Returning to the store and paying for an item that the cashier mistakenly did not charge you for,34,5
28,Returning to the store and paying for an item that the cashier mistakenly did not charge you for,31,5
28,Returning to the store and paying for an item that the cashier mistakenly did not charge you for,37,5
28,Returning to the store and paying for an item that the cashier mistakenly did not charge you for,40,5
28,Returning to the store and paying for an item that the cashier mistakenly did not charge you for,30,5
28,Returning to the store and paying for an item that the cashier mistakenly did not charge you for,38,5
28,Returning to the store and paying for an item that the cashier mistakenly did not charge you for,39,5
28,Returning to the store and paying for an item that the cashier mistakenly did not charge you for,44,5
28,Returning to the store and paying for an item that the cashier mistakenly did not charge you for,42,5
28,Returning to the store and paying for an item that the cashier mistakenly did not charge you for,46,5
28,Returning to the store and paying for an item that the cashier mistakenly did not charge you for,45,5
28,Returning to the store and paying for an item that the cashier mistakenly did not charge you for,48,5
28,Returning to the store and paying for an item that the cashier mistakenly did not charge you for,43,5
28,Returning to the store and paying for an item that the cashier mistakenly did not charge you for,47,5
28,Returning to the store and paying for an item that the cashier mistakenly did not charge you for,51,5
28,Returning to the store and paying for an item that the cashier mistakenly did not charge you for,41,5
28,Returning to the store and paying for an item that the cashier mistakenly did not charge you for,50,5
28,Returning to the store and paying for an item that the cashier mistakenly did not charge you for,49,5
28,Returning to the store and paying for an item that the cashier mistakenly did not charge you for,52,5
28,Returning to the store and paying for an item that the cashier mistakenly did not charge you for,53,5
28,Returning to the store and paying for an item that the cashier mistakenly did not charge you for,54,5
28,Returning to the store and paying for an item that the cashier mistakenly did not charge you for,58,5
28,Returning to the store and paying for an item that the cashier mistakenly did not charge you for,56,5
28,Returning to the store and paying for an item that the cashier mistakenly did not charge you for,60,5
28,Returning to the store and paying for an item that the cashier mistakenly did not charge you for,59,5
28,Returning to the store and paying for an item that the cashier mistakenly did not charge you for,61,5
28,Returning to the store and paying for an item that the cashier mistakenly did not charge you for,57,5
28,Returning to the store and paying for an item that the cashier mistakenly did not charge you for,21,5
28,Returning to the store and paying for an item that the cashier mistakenly did not charge you for,55,5
28,Returning to the store and paying for an item that the cashier mistakenly did not charge you for,62,5
28,Returning to the store and paying for an item that the cashier mistakenly did not charge you for,63,5
28,Returning to the store and paying for an item that the cashier mistakenly did not charge you for,29,5
28,Returning to the store and paying for an item that the cashier mistakenly did not charge you for,64,5
28,Returning to the store and paying for an item that the cashier mistakenly did not charge you for,66,5
28,Returning to the store and paying for an item that the cashier mistakenly did not charge you for,65,5
28,Returning to the store and paying for an item that the cashier mistakenly did not charge you for,67,5
28,Returning to the store and paying for an item that the cashier mistakenly did not charge you for,68,5
28,Returning to the store and paying for an item that the cashier mistakenly did not charge you for,69,5
28,Returning to the store and paying for an item that the cashier mistakenly did not charge you for,75,5
28,Returning to the store and paying for an item that the cashier mistakenly did not charge you for,72,5
28,Returning to the store and paying for an item that the cashier mistakenly did not charge you for,70,5
28,Returning to the store and paying for an item that the cashier mistakenly did not charge you for,74,5
28,Returning to the store and paying for an item that the cashier mistakenly did not charge you for,73,5
28,Returning to the store and paying for an item that the cashier mistakenly did not charge you for,78,5
28,Returning to the store and paying for an item that the cashier mistakenly did not charge you for,71,5
28,Returning to the store and paying for an item that the cashier mistakenly did not charge you for,77,5
28,Returning to the store and paying for an item that the cashier mistakenly did not charge you for,79,5
28,Returning to the store and paying for an item that the cashier mistakenly did not charge you for,76,5
28,Returning to the store and paying for an item that the cashier mistakenly did not charge you for,83,5
28,Returning to the store and paying for an item that the cashier mistakenly did not charge you for,80,5
28,Returning to the store and paying for an item that the cashier mistakenly did not charge you for,81,5
28,Returning to the store and paying for an item that the cashier mistakenly did not charge you for,85,5
28,Returning to the store and paying for an item that the cashier mistakenly did not charge you for,86,5
28,Returning to the store and paying for an item that the cashier mistakenly did not charge you for,82,5
28,Returning to the store and paying for an item that the cashier mistakenly did not charge you for,87,5
28,Returning to the store and paying for an item that the cashier mistakenly did not charge you for,84,5
28,Returning to the store and paying for an item that the cashier mistakenly did not charge you for,88,5
28,Returning to the store and paying for an item that the cashier mistakenly did not charge you for,90,5
28,Returning to the store and paying for an item that the cashier mistakenly did not charge you for,89,5
28,Returning to the store and paying for an item that the cashier mistakenly did not charge you for,94,5
28,Returning to the store and paying for an item that the cashier mistakenly did not charge you for,91,5
28,Returning to the store and paying for an item that the cashier mistakenly did not charge you for,92,5
28,Returning to the store and paying for an item that the cashier mistakenly did not charge you for,93,5
28,Returning to the store and paying for an item that the cashier mistakenly did not charge you for,98,5
28,Returning to the store and paying for an item that the cashier mistakenly did not charge you for,97,5
28,Returning to the store and paying for an item that the cashier mistakenly did not charge you for,95,5
28,Returning to the store and paying for an item that the cashier mistakenly did not charge you for,96,5
28,Returning to the store and paying for an item that the cashier mistakenly did not charge you for,99,5
29,Correcting a bill that has been miscalculated in your favor,0,5
29,Correcting a bill that has been miscalculated in your favor,4,5
29,Correcting a bill that has been miscalculated in your favor,1,5
29,Correcting a bill that has been miscalculated in your favor,6,5
29,Correcting a bill that has been miscalculated in your favor,2,5
29,Correcting a bill that has been miscalculated in your favor,3,5
29,Correcting a bill that has been miscalculated in your favor,5,5
29,Correcting a bill that has been miscalculated in your favor,10,5
29,Correcting a bill that has been miscalculated in your favor,8,5
29,Correcting a bill that has been miscalculated in your favor,9,5
29,Correcting a bill that has been miscalculated in your favor,11,5
29,Correcting a bill that has been miscalculated in your favor,13,5
29,Correcting a bill that has been miscalculated in your favor,7,5
29,Correcting a bill that has been miscalculated in your favor,12,5
29,Correcting a bill that has been miscalculated in your favor,15,5
29,Correcting a bill that has been miscalculated in your favor,14,5
29,Correcting a bill that has been miscalculated in your favor,16,5
29,Correcting a bill that has been miscalculated in your favor,17,5
29,Correcting a bill that has been miscalculated in your favor,20,5
29,Correcting a bill that has been miscalculated in your favor,18,5
29,Correcting a bill that has been miscalculated in your favor,21,5
29,Correcting a bill that has been miscalculated in your favor,19,5
29,Correcting a bill that has been miscalculated in your favor,22,5
29,Correcting a bill that has been miscalculated in your favor,24,5
29,Correcting a bill that has been miscalculated in your favor,26,5
29,Correcting a bill that has been miscalculated in your favor,25,5
29,Correcting a bill that has been miscalculated in your favor,27,5
29,Correcting a bill that has been miscalculated in your favor,29,5
29,Correcting a bill that has been miscalculated in your favor,28,5
29,Correcting a bill that has been miscalculated in your favor,31,5
29,Correcting a bill that has been miscalculated in your favor,30,5
29,Correcting a bill that has been miscalculated in your favor,23,5
29,Correcting a bill that has been miscalculated in your favor,32,5
29,Correcting a bill that has been miscalculated in your favor,35,5
29,Correcting a bill that has been miscalculated in your favor,33,5
29,Correcting a bill that has been miscalculated in your favor,34,5
29,Correcting a bill that has been miscalculated in your favor,36,5
29,Correcting a bill that has been miscalculated in your favor,39,5
29,Correcting a bill that has been miscalculated in your favor,40,5
29,Correcting a bill that has been miscalculated in your favor,37,5
29,Correcting a bill that has been miscalculated in your favor,38,5
29,Correcting a bill that has been miscalculated in your favor,41,5
29,Correcting a bill that has been miscalculated in your favor,44,5
29,Correcting a bill that has been miscalculated in your favor,47,5
29,Correcting a bill that has been miscalculated in your favor,45,5
29,Correcting a bill that has been miscalculated in your favor,50,5
29,Correcting a bill that has been miscalculated in your favor,42,5
29,Correcting a bill that has been miscalculated in your favor,48,5
29,Correcting a bill that has been miscalculated in your favor,51,5
29,Correcting a bill that has been miscalculated in your favor,46,5
29,Correcting a bill that has been miscalculated in your favor,49,5
29,Correcting a bill that has been miscalculated in your favor,52,5
29,Correcting a bill that has been miscalculated in your favor,53,5
29,Correcting a bill that has been miscalculated in your favor,56,5
29,Correcting a bill that has been miscalculated in your favor,55,5
29,Correcting a bill that has been miscalculated in your favor,43,5
29,Correcting a bill that has been miscalculated in your favor,59,5
29,Correcting a bill that has been miscalculated in your favor,57,5
29,Correcting a bill that has been miscalculated in your favor,60,5
29,Correcting a bill that has been miscalculated in your favor,61,5
29,Correcting a bill that has been miscalculated in your favor,62,5
29,Correcting a bill that has been miscalculated in your favor,63,5
29,Correcting a bill that has been miscalculated in your favor,58,5
29,Correcting a bill that has been miscalculated in your favor,64,5
29,Correcting a bill that has been miscalculated in your favor,65,5
29,Correcting a bill that has been miscalculated in your favor,66,5
29,Correcting a bill that has been miscalculated in your favor,67,5
29,Correcting a bill that has been miscalculated in your favor,68,5
29,Correcting a bill that has been miscalculated in your favor,70,5
29,Correcting a bill that has been miscalculated in your favor,69,5
29,Correcting a bill that has been miscalculated in your favor,74,5
29,Correcting a bill that has been miscalculated in your favor,71,5
29,Correcting a bill that has been miscalculated in your favor,73,5
29,Correcting a bill that has been miscalculated in your favor,75,5
29,Correcting a bill that has been miscalculated in your favor,72,5
29,Correcting a bill that has been miscalculated in your favor,78,5
29,Correcting a bill that has been miscalculated in your favor,76,5
29,Correcting a bill that has been miscalculated in your favor,77,5
29,Correcting a bill that has been miscalculated in your favor,79,5
29,Correcting a bill that has been miscalculated in your favor,54,5
29,Correcting a bill that has been miscalculated in your favor,87,5
29,Correcting a bill that has been miscalculated in your favor,82,5
29,Correcting a bill that has been miscalculated in your favor,85,5
29,Correcting a bill that has been miscalculated in your favor,80,5
29,Correcting a bill that has been miscalculated in your favor,81,5
29,Correcting a bill that has been miscalculated in your favor,84,5
29,Correcting a bill that has been miscalculated in your favor,86,5
29,Correcting a bill that has been miscalculated in your favor,83,5
29,Correcting a bill that has been miscalculated in your favor,88,5
29,Correcting a bill that has been miscalculated in your favor,92,5
29,Correcting a bill that has been miscalculated in your favor,90,5
29,Correcting a bill that has been miscalculated in your favor,96,5
29,Correcting a bill that has been miscalculated in your favor,94,5
29,Correcting a bill that has been miscalculated in your favor,93,5
29,Correcting a bill that has been miscalculated in your favor,91,5
29,Correcting a bill that has been miscalculated in your favor,97,5
29,Correcting a bill that has been miscalculated in your favor,95,5
29,Correcting a bill that has been miscalculated in your favor,98,5
29,Correcting a bill that has been miscalculated in your favor,99,5
29,Correcting a bill that has been miscalculated in your favor,89,5
30,Giving a larger than expected tip to a waiter or waitress,1,5
30,Giving a larger than expected tip to a waiter or waitress,5,5
30,Giving a larger than expected tip to a waiter or waitress,4,5
30,Giving a larger than expected tip to a waiter or waitress,0,5
30,Giving a larger than expected tip to a waiter or waitress,3,5
30,Giving a larger than expected tip to a waiter or waitress,2,5
30,Giving a larger than expected tip to a waiter or waitress,7,5
30,Giving a larger than expected tip to a waiter or waitress,6,5
30,Giving a larger than expected tip to a waiter or waitress,8,5
30,Giving a larger than expected tip to a waiter or waitress,12,5
30,Giving a larger than expected tip to a waiter or waitress,10,5
30,Giving a larger than expected tip to a waiter or waitress,13,5
30,Giving a larger than expected tip to a waiter or waitress,17,5
30,Giving a larger than expected tip to a waiter or waitress,14,5
30,Giving a larger than expected tip to a waiter or waitress,11,5
30,Giving a larger than expected tip to a waiter or waitress,15,5
30,Giving a larger than expected tip to a waiter or waitress,9,5
30,Giving a larger than expected tip to a waiter or waitress,16,5
30,Giving a larger than expected tip to a waiter or waitress,20,5
30,Giving a larger than expected tip to a waiter or waitress,19,5
30,Giving a larger than expected tip to a waiter or waitress,27,5
30,Giving a larger than expected tip to a waiter or waitress,21,5
30,Giving a larger than expected tip to a waiter or waitress,23,5
30,Giving a larger than expected tip to a waiter or waitress,22,5
30,Giving a larger than expected tip to a waiter or waitress,25,5
30,Giving a larger than expected tip to a waiter or waitress,31,5
30,Giving a larger than expected tip to a waiter or waitress,28,5
30,Giving a larger than expected tip to a waiter or waitress,24,5
30,Giving a larger than expected tip to a waiter or waitress,32,5
30,Giving a larger than expected tip to a waiter or waitress,29,5
30,Giving a larger than expected tip to a waiter or waitress,30,5
30,Giving a larger than expected tip to a waiter or waitress,33,5
30,Giving a larger than expected tip to a waiter or waitress,34,5
30,Giving a larger than expected tip to a waiter or waitress,39,5
30,Giving a larger than expected tip to a waiter or waitress,36,5
30,Giving a larger than expected tip to a waiter or waitress,37,5
30,Giving a larger than expected tip to a waiter or waitress,40,5
30,Giving a larger than expected tip to a waiter or waitress,35,5
30,Giving a larger than expected tip to a waiter or waitress,42,5
30,Giving a larger than expected tip to a waiter or waitress,41,5
30,Giving a larger than expected tip to a waiter or waitress,38,5
30,Giving a larger than expected tip to a waiter or waitress,48,5
30,Giving a larger than expected tip to a waiter or waitress,44,5
30,Giving a larger than expected tip to a waiter or waitress,45,5
30,Giving a larger than expected tip to a waiter or waitress,47,5
30,Giving a larger than expected tip to a waiter or waitress,46,5
30,Giving a larger than expected tip to a waiter or waitress,43,5
30,Giving a larger than expected tip to a waiter or waitress,50,5
30,Giving a larger than expected tip to a waiter or waitress,49,5
30,Giving a larger than expected tip to a waiter or waitress,26,5
30,Giving a larger than expected tip to a waiter or waitress,54,5
30,Giving a larger than expected tip to a waiter or waitress,51,5
30,Giving a larger than expected tip to a waiter or waitress,53,5
30,Giving a larger than expected tip to a waiter or waitress,52,5
30,Giving a larger than expected tip to a waiter or waitress,55,5
30,Giving a larger than expected tip to a waiter or waitress,57,5
30,Giving a larger than expected tip to a waiter or waitress,59,5
30,Giving a larger than expected tip to a waiter or waitress,56,5
30,Giving a larger than expected tip to a waiter or waitress,58,5
30,Giving a larger than expected tip to a waiter or waitress,61,5
30,Giving a larger than expected tip to a waiter or waitress,63,5
30,Giving a larger than expected tip to a waiter or waitress,62,5
30,Giving a larger than expected tip to a waiter or waitress,64,5
30,Giving a larger than expected tip to a waiter or waitress,66,5
30,Giving a larger than expected tip to a waiter or waitress,65,5
30,Giving a larger than expected tip to a waiter or waitress,69,5
30,Giving a larger than expected tip to a waiter or waitress,67,5
30,Giving a larger than expected tip to a waiter or waitress,68,5
30,Giving a larger than expected tip to a waiter or waitress,71,5
30,Giving a larger than expected tip to a waiter or waitress,60,5
30,Giving a larger than expected tip to a waiter or waitress,70,5
30,Giving a larger than expected tip to a waiter or waitress,72,5
30,Giving a larger than expected tip to a waiter or waitress,74,5
30,Giving a larger than expected tip to a waiter or waitress,73,5
30,Giving a larger than expected tip to a waiter or waitress,76,5
30,Giving a larger than expected tip to a waiter or waitress,78,5
30,Giving a larger than expected tip to a waiter or waitress,77,5
30,Giving a larger than expected tip to a waiter or waitress,79,5
30,Giving a larger than expected tip to a waiter or waitress,75,5
30,Giving a larger than expected tip to a waiter or waitress,82,5
30,Giving a larger than expected tip to a waiter or waitress,84,5
30,Giving a larger than expected tip to a waiter or waitress,80,5
30,Giving a larger than expected tip to a waiter or waitress,87,5
30,Giving a larger than expected tip to a waiter or waitress,81,5
30,Giving a larger than expected tip to a waiter or waitress,86,5
30,Giving a larger than expected tip to a waiter or waitress,85,5
30,Giving a larger than expected tip to a waiter or waitress,83,5
30,Giving a larger than expected tip to a waiter or waitress,88,5
30,Giving a larger than expected tip to a waiter or waitress,92,5
30,Giving a larger than expected tip to a waiter or waitress,91,5
30,Giving a larger than expected tip to a waiter or waitress,90,5
30,Giving a larger than expected tip to a waiter or waitress,95,5
30,Giving a larger than expected tip to a waiter or waitress,89,5
30,Giving a larger than expected tip to a waiter or waitress,93,5
30,Giving a larger than expected tip to a waiter or waitress,96,5
30,Giving a larger than expected tip to a waiter or waitress,97,5
30,Giving a larger than expected tip to a waiter or waitress,99,5
30,Giving a larger than expected tip to a waiter or waitress,94,5
30,Giving a larger than expected tip to a waiter or waitress,18,5
30,Giving a larger than expected tip to a waiter or waitress,98,5
31,Not purchasing products from companies that you believe don't treat their employees fairly,1,5
31,Not purchasing products from companies that you believe don't treat their employees fairly,2,5
31,Not purchasing products from companies that you believe don't treat their employees fairly,0,5
31,Not purchasing products from companies that you believe don't treat their employees fairly,3,5
31,Not purchasing products from companies that you believe don't treat their employees fairly,4,5
31,Not purchasing products from companies that you believe don't treat their employees fairly,7,5
31,Not purchasing products from companies that you believe don't treat their employees fairly,6,5
31,Not purchasing products from companies that you believe don't treat their employees fairly,5,5
31,Not purchasing products from companies that you believe don't treat their employees fairly,12,5
31,Not purchasing products from companies that you believe don't treat their employees fairly,13,5
31,Not purchasing products from companies that you believe don't treat their employees fairly,9,5
31,Not purchasing products from companies that you believe don't treat their employees fairly,14,5
31,Not purchasing products from companies that you believe don't treat their employees fairly,8,5
31,Not purchasing products from companies that you believe don't treat their employees fairly,10,5
31,Not purchasing products from companies that you believe don't treat their employees fairly,11,5
31,Not purchasing products from companies that you believe don't treat their employees fairly,17,5
31,Not purchasing products from companies that you believe don't treat their employees fairly,18,5
31,Not purchasing products from companies that you believe don't treat their employees fairly,15,5
31,Not purchasing products from companies that you believe don't treat their employees fairly,16,5
31,Not purchasing products from companies that you believe don't treat their employees fairly,22,5
31,Not purchasing products from companies that you believe don't treat their employees fairly,19,5
31,Not purchasing products from companies that you believe don't treat their employees fairly,21,5
31,Not purchasing products from companies that you believe don't treat their employees fairly,23,5
31,Not purchasing products from companies that you believe don't treat their employees fairly,24,5
31,Not purchasing products from companies that you believe don't treat their employees fairly,28,5
31,Not purchasing products from companies that you believe don't treat their employees fairly,27,5
31,Not purchasing products from companies that you believe don't treat their employees fairly,25,5
31,Not purchasing products from companies that you believe don't treat their employees fairly,26,5
31,Not purchasing products from companies that you believe don't treat their employees fairly,31,5
31,Not purchasing products from companies that you believe don't treat their employees fairly,30,5
31,Not purchasing products from companies that you believe don't treat their employees fairly,32,5
31,Not purchasing products from companies that you believe don't treat their employees fairly,29,5
31,Not purchasing products from companies that you believe don't treat their employees fairly,33,5
31,Not purchasing products from companies that you believe don't treat their employees fairly,36,5
31,Not purchasing products from companies that you believe don't treat their employees fairly,20,5
31,Not purchasing products from companies that you believe don't treat their employees fairly,37,5
31,Not purchasing products from companies that you believe don't treat their employees fairly,35,5
31,Not purchasing products from companies that you believe don't treat their employees fairly,38,5
31,Not purchasing products from companies that you believe don't treat their employees fairly,34,5
31,Not purchasing products from companies that you believe don't treat their employees fairly,39,5
31,Not purchasing products from companies that you believe don't treat their employees fairly,40,5
31,Not purchasing products from companies that you believe don't treat their employees fairly,41,5
31,Not purchasing products from companies that you believe don't treat their employees fairly,42,5
31,Not purchasing products from companies that you believe don't treat their employees fairly,43,5
31,Not purchasing products from companies that you believe don't treat their employees fairly,44,5
31,Not purchasing products from companies that you believe don't treat their employees fairly,45,5
31,Not purchasing products from companies that you believe don't treat their employees fairly,47,5
31,Not purchasing products from companies that you believe don't treat their employees fairly,46,5
31,Not purchasing products from companies that you believe don't treat their employees fairly,49,5
31,Not purchasing products from companies that you believe don't treat their employees fairly,48,5
31,Not purchasing products from companies that you believe don't treat their employees fairly,50,5
31,Not purchasing products from companies that you believe don't treat their employees fairly,51,5
31,Not purchasing products from companies that you believe don't treat their employees fairly,53,5
31,Not purchasing products from companies that you believe don't treat their employees fairly,56,5
31,Not purchasing products from companies that you believe don't treat their employees fairly,55,5
31,Not purchasing products from companies that you believe don't treat their employees fairly,52,5
31,Not purchasing products from companies that you believe don't treat their employees fairly,57,5
31,Not purchasing products from companies that you believe don't treat their employees fairly,58,5
31,Not purchasing products from companies that you believe don't treat their employees fairly,54,5
31,Not purchasing products from companies that you believe don't treat their employees fairly,60,5
31,Not purchasing products from companies that you believe don't treat their employees fairly,59,5
31,Not purchasing products from companies that you believe don't treat their employees fairly,63,5
31,Not purchasing products from companies that you believe don't treat their employees fairly,66,5
31,Not purchasing products from companies that you believe don't treat their employees fairly,65,5
31,Not purchasing products from companies that you believe don't treat their employees fairly,69,5
31,Not purchasing products from companies that you believe don't treat their employees fairly,70,5
31,Not purchasing products from companies that you believe don't treat their employees fairly,68,5
31,Not purchasing products from companies that you believe don't treat their employees fairly,67,5
31,Not purchasing products from companies that you believe don't treat their employees fairly,62,5
31,Not purchasing products from companies that you believe don't treat their employees fairly,61,5
31,Not purchasing products from companies that you believe don't treat their employees fairly,71,5
31,Not purchasing products from companies that you believe don't treat their employees fairly,74,5
31,Not purchasing products from companies that you believe don't treat their employees fairly,72,5
31,Not purchasing products from companies that you believe don't treat their employees fairly,76,5
31,Not purchasing products from companies that you believe don't treat their employees fairly,75,5
31,Not purchasing products from companies that you believe don't treat their employees fairly,77,5
31,Not purchasing products from companies that you believe don't treat their employees fairly,64,5
31,Not purchasing products from companies that you believe don't treat their employees fairly,78,5
31,Not purchasing products from companies that you believe don't treat their employees fairly,79,5
31,Not purchasing products from companies that you believe don't treat their employees fairly,82,5
31,Not purchasing products from companies that you believe don't treat their employees fairly,80,5
31,Not purchasing products from companies that you believe don't treat their employees fairly,73,5
31,Not purchasing products from companies that you believe don't treat their employees fairly,86,5
31,Not purchasing products from companies that you believe don't treat their employees fairly,83,5
31,Not purchasing products from companies that you believe don't treat their employees fairly,84,5
31,Not purchasing products from companies that you believe don't treat their employees fairly,85,5
31,Not purchasing products from companies that you believe don't treat their employees fairly,81,5
31,Not purchasing products from companies that you believe don't treat their employees fairly,89,5
31,Not purchasing products from companies that you believe don't treat their employees fairly,88,5
31,Not purchasing products from companies that you believe don't treat their employees fairly,92,5
31,Not purchasing products from companies that you believe don't treat their employees fairly,91,5
31,Not purchasing products from companies that you believe don't treat their employees fairly,87,5
31,Not purchasing products from companies that you believe don't treat their employees fairly,94,5
31,Not purchasing products from companies that you believe don't treat their employees fairly,90,5
31,Not purchasing products from companies that you believe don't treat their employees fairly,95,5
31,Not purchasing products from companies that you believe don't treat their employees fairly,96,5
31,Not purchasing products from companies that you believe don't treat their employees fairly,97,5
31,Not purchasing products from companies that you believe don't treat their employees fairly,98,5
31,Not purchasing products from companies that you believe don't treat their employees fairly,99,5
31,Not purchasing products from companies that you believe don't treat their employees fairly,93,4
